6, 6, 6, 6, 6, 6, 6, 6, 6, 6, 6, 6, 6, 6, 6, 6, 6, 6, 6, 6, 6, 6, 6, 6, 6, 6, 6, 6, 6, 6, 6, 6, 6, 6, 6, 6, 6, 6, 6, 6, 6, 6, 6, 6, 6, 6, 6, 6, 6, 6, 6, 6, 6, 6, 6, 6, 6, 6, 6, 6, 6, 6, 6, 6, 6, 6, 6, 6, 6, 6, 6, 6, 6, 6, 6, 6, 6, 6, 6, 6, 6, 6, 6, 6, 6, 6, 6, 6, 6, 6, 6, 6, 6, 6, 6, 6, 6, 6, 6, 6, 6, 6, 6, 6, 6, 6, 6, 6, 6, 6, 6, 6, 6, 6, 6, 6, 6, 6, 6, 6, 6, 6, 6, 6, 6, 6, 6, 6, 
6, 6, 6, 6, 6, 6, 6, 6, 6, 6, 6, 6, 6, 6, 6, 6, 6, 6, 6, 6, 6, 6, 6, 6, 6, 6, 6, 6, 6, 6, 6, 6, 6, 6, 6, 6, 6, 6, 6, 6, 6, 6, 6, 6, 6, 6, 6, 6, 6, 6, 6, 6, 6, 6, 6, 6, 6, 6, 6, 6, 6, 6, 6, 6, 6, 6, 6, 6, 6, 6, 6, 6, 6, 6, 6, 6, 6, 6, 6, 6, 6, 6, 6, 6, 6, 6, 6, 6, 6, 6, 6, 6, 6, 6, 6, 6, 6, 6, 6, 6, 6, 6, 6, 6, 6, 6, 6, 6, 6, 6, 6, 6, 6, 6, 6, 6, 6, 6, 6, 6, 6, 6, 6, 6, 6, 6, 6, 6, 
6, 6, 6, 6, 6, 6, 6, 6, 6, 6, 6, 6, 6, 6, 6, 6, 6, 6, 6, 6, 6, 6, 6, 6, 6, 6, 6, 6, 6, 6, 6, 6, 6, 6, 6, 6, 6, 6, 6, 6, 6, 6, 6, 6, 6, 6, 6, 6, 6, 6, 6, 6, 6, 6, 6, 6, 6, 6, 6, 6, 6, 6, 6, 6, 6, 6, 6, 6, 6, 6, 6, 6, 6, 6, 6, 6, 6, 6, 6, 6, 6, 6, 6, 6, 6, 6, 6, 6, 6, 6, 6, 6, 6, 6, 6, 6, 6, 6, 6, 6, 6, 6, 6, 6, 6, 6, 6, 6, 6, 6, 6, 6, 6, 6, 6, 6, 6, 6, 6, 6, 6, 6, 6, 6, 6, 6, 6, 6, 
6, 6, 6, 6, 6, 6, 6, 6, 6, 6, 6, 6, 6, 6, 6, 6, 6, 6, 6, 6, 6, 6, 6, 6, 6, 6, 6, 6, 6, 6, 6, 6, 6, 6, 6, 6, 6, 6, 6, 6, 6, 6, 6, 6, 6, 6, 6, 6, 6, 6, 6, 6, 6, 6, 6, 6, 6, 6, 6, 6, 6, 6, 6, 6, 6, 6, 6, 6, 6, 6, 6, 6, 6, 6, 6, 6, 6, 6, 6, 6, 6, 6, 6, 6, 6, 6, 6, 6, 6, 6, 6, 6, 6, 6, 6, 6, 6, 6, 6, 6, 6, 6, 6, 6, 6, 6, 6, 6, 6, 6, 6, 6, 6, 6, 6, 6, 6, 6, 6, 6, 6, 6, 6, 6, 6, 6, 6, 6, 
6, 6, 6, 6, 6, 6, 6, 6, 6, 6, 6, 6, 6, 6, 6, 6, 6, 6, 6, 6, 6, 6, 6, 6, 6, 6, 6, 6, 6, 6, 6, 6, 6, 6, 6, 6, 6, 6, 6, 6, 6, 6, 6, 6, 6, 6, 6, 6, 6, 6, 6, 6, 6, 6, 6, 6, 6, 6, 6, 6, 6, 6, 6, 6, 6, 6, 6, 6, 6, 6, 6, 6, 6, 6, 6, 6, 6, 6, 6, 6, 6, 6, 6, 6, 6, 6, 6, 6, 6, 6, 6, 6, 6, 6, 6, 6, 6, 6, 6, 6, 6, 6, 6, 6, 6, 6, 6, 6, 6, 6, 6, 6, 6, 6, 6, 6, 6, 6, 6, 6, 6, 6, 6, 6, 6, 6, 6, 6, 
6, 6, 6, 6, 6, 6, 6, 6, 6, 6, 6, 6, 6, 6, 6, 6, 6, 6, 6, 6, 6, 6, 6, 6, 6, 6, 6, 6, 6, 6, 6, 6, 6, 6, 6, 6, 6, 6, 6, 6, 6, 6, 6, 6, 6, 6, 6, 6, 6, 6, 6, 6, 6, 6, 6, 6, 6, 6, 6, 6, 6, 6, 6, 6, 6, 6, 6, 6, 6, 6, 6, 6, 6, 6, 6, 6, 6, 6, 6, 6, 6, 6, 6, 6, 6, 6, 6, 6, 6, 6, 6, 6, 6, 6, 6, 6, 6, 6, 6, 6, 6, 6, 6, 6, 6, 6, 6, 6, 6, 6, 6, 6, 6, 6, 6, 6, 6, 6, 6, 6, 6, 6, 6, 6, 6, 6, 6, 6, 
6, 6, 6, 6, 6, 6, 6, 6, 6, 6, 6, 6, 6, 6, 6, 6, 6, 6, 6, 6, 6, 6, 6, 6, 6, 6, 6, 6, 0, 0, 6, 6, 6, 6, 6, 6, 6, 6, 6, 6, 6, 6, 6, 6, 6, 6, 6, 6, 6, 6, 6, 6, 6, 6, 6, 6, 6, 6, 6, 6, 6, 6, 6, 6, 6, 6, 6, 6, 6, 6, 6, 6, 6, 6, 6, 6, 6, 6, 6, 6, 6, 6, 6, 6, 6, 6, 6, 6, 6, 6, 6, 6, 6, 6, 6, 6, 6, 6, 6, 6, 6, 6, 6, 6, 6, 6, 6, 6, 6, 6, 6, 6, 6, 6, 6, 6, 6, 6, 6, 6, 6, 6, 6, 6, 6, 6, 6, 6, 
2, 2, 6, 6, 6, 6, 6, 6, 6, 6, 6, 6, 6, 6, 6, 6, 6, 6, 6, 6, 6, 6, 2, 2, 2, 2, 6, 4, 0, 0, 4, 6, 6, 6, 6, 6, 6, 6, 6, 6, 6, 6, 6, 6, 6, 6, 6, 6, 6, 6, 4, 4, 4, 4, 2, 2, 6, 6, 6, 6, 6, 6, 6, 6, 6, 6, 6, 6, 6, 6, 6, 6, 6, 6, 6, 6, 6, 6, 6, 6, 6, 6, 6, 6, 6, 6, 6, 6, 6, 6, 6, 6, 6, 6, 6, 6, 6, 6, 6, 6, 6, 6, 6, 6, 6, 6, 6, 6, 6, 6, 6, 6, 6, 6, 6, 6, 6, 6, 6, 6, 6, 6, 6, 6, 6, 6, 6, 6, 
2, 0, 6, 6, 6, 6, 6, 6, 6, 6, 6, 6, 6, 6, 6, 6, 6, 6, 6, 6, 6, 6, 6, 2, 2, 0, 6, 4, 0, 0, 4, 6, 6, 6, 6, 6, 6, 6, 6, 6, 6, 6, 4, 4, 4, 4, 4, 4, 4, 4, 4, 0, 0, 4, 4, 2, 6, 6, 6, 6, 6, 6, 6, 6, 6, 6, 6, 6, 6, 6, 6, 6, 6, 6, 6, 6, 6, 6, 6, 6, 6, 6, 6, 6, 6, 6, 6, 6, 6, 6, 6, 6, 6, 6, 6, 6, 6, 6, 6, 6, 6, 6, 6, 6, 6, 6, 6, 6, 6, 6, 6, 6, 6, 6, 6, 6, 6, 6, 6, 6, 6, 6, 6, 6, 6, 6, 6, 6, 
4, 4, 4, 4, 4, 4, 4, 4, 4, 4, 4, 4, 4, 4, 4, 4, 4, 4, 4, 4, 4, 4, 6, 6, 6, 4, 4, 4, 0, 0, 4, 4, 6, 6, 6, 6, 6, 6, 6, 6, 4, 4, 4, 0, 0, 0, 0, 0, 0, 0, 0, 0, 0, 0, 4, 6, 6, 6, 6, 6, 6, 6, 6, 6, 6, 6, 6, 6, 6, 6, 6, 6, 6, 6, 6, 6, 6, 6, 6, 6, 6, 6, 6, 6, 6, 6, 6, 6, 6, 6, 6, 6, 6, 6, 6, 6, 6, 6, 6, 6, 6, 6, 6, 6, 6, 6, 6, 6, 6, 6, 6, 6, 6, 6, 6, 6, 6, 6, 6, 6, 6, 6, 6, 6, 6, 6, 6, 6, 
4, 0, 0, 0, 0, 0, 0, 0, 0, 0, 0, 4, 0, 0, 0, 0, 0, 0, 0, 0, 0, 4, 4, 4, 4, 4, 4, 0, 0, 0, 0, 4, 4, 4, 4, 4, 6, 6, 6, 6, 4, 0, 0, 0, 0, 0, 0, 0, 0, 0, 0, 8, 0, 0, 4, 6, 6, 6, 6, 6, 6, 6, 6, 6, 6, 6, 6, 6, 6, 6, 6, 6, 6, 6, 6, 6, 6, 6, 6, 6, 6, 6, 6, 6, 6, 6, 6, 6, 6, 6, 6, 6, 6, 6, 6, 6, 6, 6, 6, 6, 6, 6, 6, 6, 6, 6, 6, 6, 6, 6, 6, 6, 6, 6, 6, 6, 6, 6, 6, 6, 6, 6, 6, 6, 6, 6, 6, 6, 
4, 0, 0, 0, 0, 4, 4, 4, 0, 0, 0, 4, 0, 0, 0, 0, 0, 0, 0, 0, 0, 0, 5, 0, 0, 0, 4, 0, 0, 0, 0, 5, 0, 0, 0, 4, 4, 4, 4, 4, 4, 0, 0, 0, 8, 0, 4, 4, 0, 4, 4, 4, 4, 7, 4, 6, 6, 6, 6, 6, 6, 6, 6, 6, 6, 6, 6, 6, 6, 6, 6, 6, 6, 6, 6, 6, 6, 6, 6, 6, 6, 6, 6, 6, 6, 6, 6, 6, 6, 6, 6, 6, 6, 6, 6, 6, 6, 6, 6, 6, 6, 6, 6, 6, 6, 6, 6, 6, 6, 6, 6, 6, 6, 6, 6, 6, 6, 6, 6, 6, 6, 6, 6, 6, 6, 6, 6, 6, 
4, 0, 0, 0, 0, 0, 0, 0, 0, 0, 0, 0, 0, 0, 0, 0, 0, 0, 0, 0, 0, 0, 4, 4, 4, 0, 4, 4, 0, 0, 4, 4, 0, 0, 0, 0, 0, 0, 0, 4, 0, 0, 0, 4, 4, 0, 0, 4, 0, 0, 5, 7, 4, 4, 4, 6, 6, 6, 6, 6, 6, 6, 6, 6, 6, 6, 6, 6, 6, 6, 6, 6, 6, 6, 6, 6, 6, 6, 6, 6, 6, 6, 6, 6, 6, 6, 6, 6, 6, 6, 6, 6, 6, 6, 6, 6, 6, 6, 6, 6, 6, 6, 6, 6, 6, 6, 6, 6, 6, 6, 6, 6, 6, 6, 6, 6, 6, 6, 6, 6, 6, 6, 6, 6, 6, 6, 6, 6, 
4, 4, 4, 4, 0, 0, 0, 0, 4, 0, 0, 0, 0, 0, 0, 0, 0, 0, 0, 0, 0, 0, 4, 4, 0, 0, 0, 4, 0, 0, 0, 4, 4, 0, 8, 0, 0, 0, 0, 4, 0, 4, 4, 0, 0, 0, 0, 4, 0, 0, 4, 4, 4, 6, 6, 6, 6, 6, 6, 6, 6, 6, 6, 6, 6, 6, 6, 6, 6, 6, 6, 6, 6, 6, 6, 6, 6, 6, 6, 6, 6, 6, 6, 6, 6, 6, 6, 6, 6, 6, 6, 6, 6, 6, 6, 6, 6, 6, 6, 6, 6, 6, 6, 6, 6, 6, 6, 6, 6, 6, 6, 6, 6, 6, 6, 6, 6, 6, 6, 6, 6, 6, 6, 6, 6, 6, 6, 6, 
6, 6, 6, 4, 0, 0, 0, 0, 4, 4, 4, 4, 0, 0, 0, 0, 0, 0, 0, 0, 0, 4, 4, 4, 0, 0, 0, 4, 0, 0, 0, 0, 4, 4, 4, 4, 4, 0, 0, 0, 0, 0, 0, 0, 0, 0, 0, 4, 4, 0, 0, 0, 4, 4, 6, 6, 6, 6, 6, 6, 6, 6, 6, 6, 6, 6, 6, 6, 6, 6, 6, 6, 6, 6, 6, 6, 6, 6, 6, 6, 6, 6, 6, 6, 6, 6, 6, 6, 6, 6, 6, 6, 6, 6, 6, 6, 6, 6, 6, 6, 6, 6, 6, 6, 6, 6, 6, 6, 6, 6, 6, 6, 6, 6, 6, 6, 6, 6, 6, 6, 6, 6, 6, 6, 6, 6, 6, 6, 
6, 6, 6, 4, 0, 0, 4, 0, 0, 0, 0, 4, 4, 4, 4, 0, 0, 0, 0, 0, 0, 4, 6, 4, 0, 0, 0, 5, 0, 0, 1, 0, 0, 0, 0, 0, 0, 0, 4, 4, 4, 0, 0, 0, 8, 0, 0, 0, 4, 0, 0, 0, 0, 4, 6, 6, 6, 6, 6, 6, 6, 6, 6, 6, 6, 6, 6, 6, 6, 6, 6, 6, 6, 6, 6, 6, 6, 6, 6, 6, 6, 6, 6, 6, 6, 6, 6, 6, 6, 6, 6, 6, 6, 6, 6, 6, 6, 6, 6, 6, 6, 6, 6, 6, 6, 6, 6, 6, 6, 6, 6, 6, 6, 6, 6, 6, 6, 6, 6, 6, 6, 6, 6, 6, 6, 6, 6, 6, 
6, 6, 6, 4, 4, 0, 0, 0, 0, 0, 0, 0, 0, 0, 4, 0, 0, 0, 9, 0, 0, 4, 6, 4, 0, 0, 4, 4, 4, 4, 4, 4, 4, 4, 4, 0, 0, 4, 4, 0, 4, 4, 4, 4, 4, 4, 4, 4, 4, 4, 0, 4, 4, 4, 6, 6, 6, 6, 6, 6, 6, 6, 6, 6, 6, 6, 6, 6, 6, 6, 6, 6, 6, 6, 6, 6, 6, 6, 6, 6, 6, 6, 6, 6, 6, 6, 6, 6, 6, 6, 6, 6, 6, 6, 6, 6, 6, 6, 6, 6, 6, 6, 6, 6, 6, 6, 6, 6, 6, 6, 6, 6, 6, 6, 6, 6, 6, 6, 6, 6, 6, 6, 6, 6, 6, 6, 6, 6, 
6, 6, 6, 4, 0, 0, 0, 4, 4, 0, 0, 0, 0, 0, 4, 4, 4, 4, 4, 4, 4, 4, 4, 4, 0, 0, 0, 4, 0, 0, 0, 0, 0, 0, 4, 4, 4, 4, 0, 0, 0, 0, 0, 0, 8, 0, 0, 0, 0, 0, 0, 0, 4, 6, 6, 6, 6, 6, 6, 6, 6, 6, 6, 6, 6, 6, 6, 6, 6, 6, 6, 6, 6, 6, 6, 6, 6, 6, 6, 6, 6, 6, 6, 6, 6, 6, 6, 6, 6, 6, 6, 6, 6, 6, 6, 6, 6, 6, 6, 6, 6, 6, 6, 6, 6, 6, 6, 6, 6, 6, 6, 6, 6, 6, 6, 6, 6, 6, 6, 6, 6, 6, 6, 6, 6, 6, 6, 6, 
6, 6, 6, 4, 4, 0, 4, 4, 0, 0, 0, 0, 0, 4, 4, 0, 0, 0, 0, 0, 0, 7, 4, 4, 4, 4, 4, 4, 0, 0, 0, 0, 0, 0, 4, 4, 0, 0, 4, 0, 4, 0, 4, 0, 4, 4, 0, 0, 0, 0, 0, 0, 4, 6, 6, 6, 6, 6, 6, 6, 6, 6, 6, 6, 6, 6, 6, 6, 6, 6, 6, 6, 6, 6, 6, 6, 6, 6, 6, 6, 6, 6, 6, 6, 6, 6, 6, 6, 6, 6, 6, 6, 6, 6, 6, 6, 6, 6, 6, 6, 6, 6, 6, 6, 6, 6, 6, 6, 6, 6, 6, 6, 6, 6, 6, 6, 6, 6, 6, 6, 6, 6, 6, 6, 6, 6, 6, 6, 
6, 6, 6, 6, 4, 14, 4, 0, 0, 0, 0, 0, 0, 0, 4, 0, 4, 4, 4, 4, 4, 4, 4, 6, 6, 6, 6, 4, 0, 7, 0, 0, 0, 0, 5, 0, 0, 0, 0, 0, 0, 0, 0, 0, 0, 0, 0, 4, 4, 0, 4, 4, 4, 6, 6, 6, 6, 6, 6, 6, 6, 6, 6, 6, 6, 6, 6, 6, 6, 6, 6, 6, 6, 6, 6, 6, 6, 6, 6, 6, 6, 6, 6, 6, 6, 6, 6, 6, 6, 6, 6, 6, 6, 6, 6, 6, 6, 6, 6, 6, 6, 6, 6, 6, 6, 6, 6, 6, 6, 6, 6, 6, 6, 6, 6, 6, 6, 6, 6, 6, 6, 6, 6, 6, 6, 6, 6, 6, 
6, 6, 4, 4, 4, 0, 0, 0, 0, 0, 0, 0, 0, 4, 4, 4, 4, 0, 0, 0, 4, 6, 6, 6, 6, 6, 6, 4, 4, 4, 4, 4, 4, 0, 4, 0, 7, 8, 0, 4, 0, 0, 0, 0, 0, 0, 0, 0, 0, 0, 5, 0, 4, 6, 6, 6, 6, 6, 6, 6, 6, 6, 6, 6, 6, 6, 6, 6, 6, 6, 6, 6, 6, 6, 6, 6, 6, 6, 6, 6, 6, 6, 6, 6, 6, 6, 6, 6, 6, 6, 6, 6, 6, 6, 6, 6, 6, 6, 6, 6, 6, 6, 6, 6, 6, 6, 6, 6, 6, 6, 6, 6, 6, 6, 6, 6, 6, 6, 6, 6, 6, 6, 6, 6, 6, 6, 6, 6, 
6, 4, 4, 0, 0, 0, 0, 0, 0, 0, 0, 0, 4, 4, 0, 0, 0, 0, 10, 0, 4, 6, 6, 6, 2, 6, 6, 6, 6, 6, 6, 6, 4, 4, 4, 4, 4, 4, 4, 4, 0, 0, 8, 0, 0, 0, 0, 0, 0, 4, 4, 7, 4, 6, 6, 2, 6, 6, 6, 6, 6, 6, 6, 6, 6, 6, 6, 6, 6, 6, 6, 6, 6, 6, 6, 6, 6, 6, 6, 6, 6, 6, 6, 6, 6, 6, 6, 6, 6, 6, 6, 6, 6, 6, 6, 6, 6, 6, 6, 6, 6, 6, 6, 6, 6, 6, 6, 6, 6, 6, 6, 6, 6, 6, 6, 6, 6, 6, 6, 6, 6, 6, 6, 6, 6, 6, 6, 6, 
4, 4, 0, 0, 0, 0, 0, 0, 0, 0, 0, 0, 4, 0, 0, 0, 0, 0, 4, 4, 4, 6, 6, 6, 2, 2, 6, 6, 6, 6, 6, 6, 6, 6, 6, 6, 6, 6, 4, 4, 4, 4, 4, 4, 4, 0, 4, 4, 4, 4, 4, 4, 4, 6, 2, 2, 6, 6, 6, 6, 6, 6, 6, 6, 6, 6, 6, 6, 6, 6, 6, 6, 6, 6, 6, 6, 6, 6, 6, 6, 6, 6, 6, 6, 6, 6, 6, 6, 6, 6, 6, 6, 6, 6, 6, 6, 6, 6, 6, 6, 6, 6, 6, 6, 6, 6, 6, 6, 6, 6, 6, 6, 6, 6, 6, 6, 6, 6, 6, 6, 6, 6, 6, 6, 6, 6, 6, 6, 
4, 0, 0, 0, 0, 0, 0, 0, 0, 0, 4, 14, 4, 0, 0, 4, 4, 4, 4, 4, 4, 6, 6, 6, 2, 2, 6, 6, 6, 6, 6, 6, 6, 6, 6, 6, 6, 6, 6, 6, 6, 6, 4, 0, 0, 0, 0, 4, 6, 6, 6, 6, 6, 6, 6, 6, 6, 6, 6, 6, 6, 6, 6, 6, 6, 6, 6, 6, 6, 6, 2, 2, 6, 6, 6, 6, 6, 6, 6, 6, 6, 6, 6, 6, 6, 6, 6, 6, 6, 6, 6, 6, 6, 6, 6, 6, 6, 6, 6, 6, 6, 6, 6, 6, 6, 6, 6, 6, 6, 6, 6, 6, 6, 6, 6, 6, 6, 6, 6, 6, 6, 6, 6, 6, 6, 6, 6, 6, 
4, 0, 0, 0, 0, 0, 0, 8, 0, 0, 4, 0, 0, 0, 0, 0, 0, 0, 0, 0, 4, 6, 6, 6, 2, 0, 6, 6, 6, 6, 6, 6, 6, 6, 6, 6, 6, 6, 6, 4, 4, 4, 4, 0, 0, 4, 0, 4, 6, 6, 6, 6, 6, 6, 6, 6, 6, 6, 6, 6, 6, 6, 6, 6, 6, 6, 6, 6, 6, 6, 6, 2, 6, 6, 6, 6, 6, 6, 6, 6, 6, 6, 6, 6, 6, 6, 6, 6, 6, 6, 6, 6, 6, 6, 6, 6, 6, 6, 6, 6, 6, 6, 6, 6, 6, 6, 6, 6, 6, 6, 6, 6, 6, 6, 6, 6, 6, 6, 6, 6, 6, 6, 6, 6, 6, 6, 6, 6, 
4, 0, 8, 0, 0, 0, 0, 0, 0, 0, 4, 0, 0, 4, 4, 0, 0, 0, 0, 0, 4, 6, 6, 17, 6, 6, 6, 6, 6, 6, 6, 6, 6, 6, 4, 4, 4, 4, 4, 4, 0, 0, 4, 0, 0, 0, 0, 4, 4, 4, 4, 6, 6, 4, 4, 4, 4, 6, 6, 6, 17, 6, 17, 6, 6, 6, 6, 6, 6, 6, 6, 6, 6, 6, 6, 6, 6, 6, 6, 6, 6, 6, 6, 6, 6, 6, 6, 6, 6, 6, 6, 6, 6, 6, 6, 6, 6, 6, 6, 6, 6, 6, 6, 6, 6, 6, 6, 6, 6, 6, 6, 6, 6, 6, 6, 6, 6, 6, 6, 6, 6, 6, 6, 6, 6, 6, 6, 6, 
4, 0, 0, 0, 0, 0, 0, 0, 0, 0, 4, 0, 0, 0, 4, 0, 12, 0, 0, 4, 4, 6, 17, 6, 17, 6, 6, 6, 6, 6, 6, 6, 6, 6, 4, 0, 0, 0, 0, 0, 0, 0, 4, 0, 4, 0, 0, 4, 0, 0, 4, 6, 4, 4, 0, 0, 4, 4, 4, 6, 6, 17, 6, 6, 6, 6, 6, 6, 6, 6, 6, 6, 6, 6, 6, 6, 6, 6, 6, 6, 6, 6, 6, 6, 6, 6, 6, 6, 6, 6, 6, 6, 6, 6, 6, 6, 6, 6, 6, 6, 6, 6, 6, 6, 6, 6, 6, 6, 6, 6, 6, 6, 6, 6, 6, 6, 6, 6, 6, 6, 6, 6, 6, 6, 6, 6, 6, 6, 
4, 0, 0, 0, 0, 0, 0, 0, 0, 0, 4, 4, 4, 0, 4, 0, 0, 0, 0, 4, 6, 6, 6, 6, 6, 6, 6, 6, 6, 6, 6, 6, 6, 6, 4, 0, 0, 0, 0, 0, 0, 0, 4, 0, 0, 8, 0, 5, 0, 0, 4, 4, 4, 0, 0, 0, 5, 7, 4, 6, 6, 6, 6, 6, 6, 6, 6, 6, 6, 6, 6, 6, 6, 6, 6, 6, 6, 6, 6, 6, 6, 6, 6, 6, 6, 6, 6, 6, 6, 6, 6, 6, 6, 6, 6, 6, 6, 6, 6, 6, 6, 6, 6, 6, 6, 6, 6, 6, 6, 6, 6, 6, 6, 6, 6, 6, 6, 6, 6, 6, 6, 6, 6, 6, 6, 6, 6, 6, 
4, 0, 0, 0, 0, 0, 0, 0, 0, 0, 0, 0, 4, 0, 4, 4, 4, 0, 0, 4, 6, 6, 6, 6, 6, 6, 6, 6, 6, 6, 6, 6, 6, 6, 4, 4, 0, 0, 0, 0, 0, 0, 4, 0, 0, 4, 4, 4, 0, 0, 4, 0, 0, 0, 0, 4, 4, 4, 4, 4, 4, 4, 4, 4, 4, 4, 4, 6, 6, 6, 6, 6, 6, 6, 6, 6, 6, 6, 6, 6, 6, 6, 6, 6, 6, 6, 6, 6, 6, 6, 6, 6, 6, 6, 6, 6, 6, 6, 6, 6, 6, 6, 6, 6, 6, 6, 6, 6, 6, 6, 6, 6, 6, 6, 6, 6, 6, 6, 6, 6, 6, 6, 6, 6, 6, 6, 6, 6, 
4, 0, 0, 0, 0, 0, 0, 0, 0, 0, 0, 4, 4, 0, 0, 0, 0, 0, 0, 4, 4, 4, 6, 6, 6, 6, 6, 6, 6, 6, 6, 6, 6, 6, 6, 4, 0, 0, 0, 0, 7, 0, 4, 0, 0, 0, 0, 4, 4, 0, 4, 0, 0, 4, 0, 0, 0, 0, 4, 0, 0, 0, 0, 0, 0, 0, 4, 6, 6, 6, 6, 6, 6, 6, 6, 6, 6, 6, 6, 6, 6, 6, 6, 6, 6, 6, 6, 6, 6, 6, 6, 6, 6, 6, 6, 6, 6, 6, 6, 6, 6, 6, 6, 6, 6, 6, 6, 6, 6, 6, 6, 6, 6, 6, 6, 6, 6, 6, 6, 6, 6, 6, 6, 6, 6, 6, 6, 6, 
4, 0, 0, 0, 0, 0, 0, 0, 0, 4, 4, 4, 0, 0, 0, 0, 0, 0, 0, 0, 0, 4, 6, 6, 6, 6, 6, 6, 6, 6, 6, 6, 6, 6, 6, 4, 0, 0, 0, 4, 4, 4, 4, 0, 4, 0, 0, 4, 0, 0, 4, 0, 0, 0, 0, 0, 0, 4, 4, 0, 0, 0, 0, 0, 0, 0, 4, 6, 6, 6, 6, 6, 6, 6, 6, 6, 6, 6, 6, 6, 6, 6, 6, 6, 6, 6, 6, 6, 6, 6, 6, 6, 6, 6, 6, 6, 6, 6, 6, 6, 6, 6, 6, 6, 6, 6, 6, 6, 6, 6, 6, 6, 6, 6, 6, 6, 6, 6, 6, 6, 6, 6, 6, 6, 6, 6, 6, 6, 
4, 4, 0, 0, 0, 8, 0, 0, 4, 4, 0, 0, 0, 0, 0, 0, 0, 0, 0, 0, 4, 4, 6, 6, 6, 6, 6, 6, 6, 6, 6, 6, 6, 6, 4, 4, 0, 0, 0, 0, 0, 0, 4, 0, 0, 0, 0, 4, 7, 4, 4, 0, 0, 0, 4, 0, 4, 4, 7, 0, 0, 0, 0, 0, 0, 0, 4, 6, 6, 6, 6, 6, 6, 6, 6, 6, 6, 6, 6, 6, 6, 6, 6, 6, 6, 6, 6, 6, 6, 6, 6, 6, 6, 6, 6, 6, 6, 6, 6, 6, 6, 6, 6, 6, 2, 2, 6, 6, 6, 6, 6, 6, 6, 6, 6, 6, 6, 6, 6, 6, 6, 6, 6, 6, 6, 6, 2, 2, 
6, 4, 0, 0, 0, 0, 0, 4, 4, 0, 0, 0, 4, 0, 0, 0, 0, 0, 0, 8, 4, 6, 6, 6, 6, 6, 6, 6, 6, 6, 6, 6, 6, 6, 4, 0, 0, 0, 0, 0, 0, 0, 4, 0, 0, 4, 0, 4, 4, 4, 0, 0, 0, 0, 0, 0, 0, 4, 4, 0, 0, 0, 0, 0, 0, 4, 4, 4, 6, 6, 6, 6, 6, 6, 6, 6, 6, 6, 6, 6, 6, 6, 6, 6, 6, 6, 6, 6, 6, 6, 6, 6, 6, 6, 6, 6, 6, 6, 6, 6, 6, 6, 6, 6, 2, 0, 6, 6, 6, 6, 6, 6, 6, 6, 6, 6, 6, 6, 6, 6, 6, 6, 6, 6, 6, 6, 6, 2, 
6, 4, 0, 4, 0, 0, 0, 0, 0, 0, 0, 4, 4, 4, 0, 0, 0, 0, 0, 0, 4, 4, 6, 6, 6, 6, 6, 6, 6, 6, 6, 6, 6, 6, 4, 0, 0, 0, 0, 0, 0, 0, 0, 0, 0, 10, 0, 0, 0, 0, 0, 0, 0, 0, 0, 4, 0, 0, 4, 4, 4, 4, 4, 5, 4, 4, 0, 4, 6, 6, 6, 6, 6, 6, 6, 6, 6, 6, 6, 6, 6, 6, 6, 6, 6, 6, 6, 6, 6, 6, 6, 6, 6, 6, 6, 6, 6, 6, 6, 6, 6, 6, 6, 6, 6, 6, 6, 6, 6, 6, 6, 6, 6, 6, 6, 6, 6, 6, 6, 6, 6, 6, 6, 6, 6, 6, 6, 6, 
6, 4, 14, 4, 4, 0, 0, 0, 0, 0, 4, 4, 6, 4, 4, 0, 0, 0, 0, 0, 0, 4, 6, 6, 6, 6, 6, 6, 6, 6, 6, 6, 6, 6, 4, 4, 0, 0, 9, 0, 0, 0, 4, 4, 4, 4, 4, 4, 4, 0, 0, 0, 0, 0, 0, 0, 8, 4, 4, 4, 0, 0, 0, 0, 0, 0, 0, 4, 6, 6, 6, 6, 6, 6, 6, 6, 6, 6, 6, 6, 6, 6, 6, 6, 6, 6, 6, 6, 6, 6, 6, 6, 6, 6, 6, 6, 6, 6, 6, 6, 6, 6, 6, 6, 6, 6, 6, 6, 6, 6, 6, 6, 6, 6, 6, 6, 6, 6, 6, 6, 6, 6, 4, 4, 4, 4, 4, 6, 
6, 6, 6, 6, 4, 0, 0, 0, 0, 0, 4, 6, 6, 6, 4, 4, 0, 0, 0, 0, 0, 4, 6, 6, 6, 6, 6, 6, 6, 4, 4, 4, 4, 6, 6, 4, 4, 4, 4, 4, 4, 4, 4, 0, 0, 0, 0, 4, 4, 4, 0, 0, 4, 0, 0, 4, 4, 4, 0, 4, 4, 0, 0, 4, 4, 0, 0, 4, 6, 6, 6, 6, 6, 6, 6, 6, 6, 6, 6, 6, 6, 6, 6, 6, 6, 6, 6, 6, 6, 6, 6, 6, 6, 6, 6, 6, 6, 6, 6, 6, 6, 6, 6, 6, 6, 6, 6, 6, 6, 6, 6, 6, 6, 6, 4, 4, 4, 4, 4, 4, 4, 4, 4, 0, 0, 0, 4, 6, 
6, 6, 6, 6, 4, 0, 0, 0, 0, 0, 4, 6, 6, 6, 6, 4, 4, 4, 4, 4, 0, 4, 4, 4, 6, 6, 6, 6, 6, 4, 0, 0, 4, 6, 6, 4, 0, 0, 0, 0, 0, 0, 0, 0, 0, 0, 0, 4, 0, 8, 0, 0, 0, 0, 0, 4, 0, 0, 0, 0, 4, 0, 0, 0, 0, 0, 0, 4, 6, 6, 6, 6, 6, 6, 6, 6, 6, 6, 6, 6, 6, 6, 6, 6, 6, 6, 6, 6, 6, 6, 6, 6, 6, 6, 6, 6, 6, 6, 6, 6, 6, 6, 6, 6, 6, 6, 6, 6, 6, 6, 6, 6, 6, 4, 4, 0, 0, 0, 0, 0, 0, 0, 0, 0, 0, 0, 4, 6, 
6, 6, 6, 6, 4, 4, 0, 8, 0, 0, 4, 4, 4, 4, 6, 6, 6, 6, 6, 4, 0, 0, 0, 4, 6, 6, 6, 6, 6, 4, 0, 0, 4, 4, 4, 4, 0, 4, 4, 4, 4, 4, 0, 0, 8, 0, 0, 4, 4, 4, 4, 0, 0, 0, 0, 4, 4, 0, 0, 0, 4, 0, 0, 0, 0, 4, 0, 4, 6, 6, 6, 6, 6, 6, 6, 6, 6, 6, 6, 6, 6, 6, 6, 6, 6, 6, 6, 6, 6, 6, 6, 6, 6, 6, 6, 6, 6, 6, 6, 6, 6, 6, 6, 6, 6, 6, 6, 6, 6, 6, 6, 6, 6, 4, 0, 0, 0, 0, 0, 0, 0, 0, 0, 0, 0, 0, 4, 6, 
6, 6, 6, 6, 6, 4, 0, 0, 0, 0, 0, 0, 0, 4, 6, 6, 6, 6, 6, 4, 0, 0, 0, 4, 6, 6, 6, 6, 6, 4, 0, 0, 0, 0, 0, 0, 0, 0, 4, 0, 0, 0, 0, 4, 4, 4, 0, 4, 4, 0, 0, 0, 8, 0, 0, 0, 4, 0, 0, 0, 4, 0, 0, 0, 0, 0, 0, 4, 6, 6, 6, 6, 6, 6, 6, 6, 6, 6, 6, 6, 6, 6, 6, 6, 6, 6, 6, 6, 6, 6, 6, 6, 6, 6, 6, 6, 6, 6, 6, 6, 6, 6, 6, 6, 6, 6, 6, 6, 6, 6, 6, 6, 6, 4, 0, 0, 0, 0, 0, 0, 0, 0, 0, 0, 0, 0, 4, 6, 
6, 6, 6, 6, 6, 4, 4, 0, 0, 0, 0, 0, 0, 4, 6, 6, 6, 4, 4, 4, 0, 0, 8, 4, 6, 6, 6, 6, 6, 4, 12, 0, 4, 4, 4, 4, 0, 0, 0, 8, 0, 0, 0, 0, 0, 0, 0, 4, 0, 0, 4, 4, 4, 0, 7, 4, 4, 0, 8, 0, 4, 0, 0, 0, 0, 0, 4, 4, 6, 6, 6, 6, 2, 2, 6, 6, 6, 6, 6, 6, 6, 6, 6, 6, 6, 6, 6, 6, 6, 6, 6, 6, 6, 6, 6, 6, 6, 6, 6, 6, 6, 6, 2, 2, 6, 6, 6, 4, 4, 4, 4, 4, 6, 4, 4, 0, 0, 0, 0, 0, 0, 0, 0, 0, 0, 0, 4, 6, 
6, 6, 6, 6, 6, 4, 0, 0, 0, 0, 0, 0, 4, 4, 6, 6, 4, 4, 0, 0, 0, 0, 0, 4, 6, 6, 6, 6, 6, 4, 4, 4, 4, 6, 6, 4, 4, 4, 4, 4, 4, 4, 0, 0, 0, 0, 0, 4, 4, 4, 4, 0, 4, 4, 4, 4, 0, 0, 0, 0, 4, 7, 0, 0, 0, 0, 0, 4, 6, 6, 6, 6, 2, 0, 6, 6, 6, 6, 6, 6, 6, 6, 6, 6, 6, 6, 6, 6, 6, 6, 6, 6, 6, 6, 6, 6, 6, 6, 6, 6, 6, 6, 6, 2, 6, 6, 6, 4, 0, 0, 0, 4, 6, 6, 4, 0, 0, 0, 0, 0, 0, 0, 0, 0, 0, 0, 4, 6, 
6, 6, 6, 6, 6, 4, 4, 0, 0, 8, 0, 14, 4, 6, 6, 4, 4, 0, 0, 4, 4, 14, 4, 4, 6, 6, 6, 6, 6, 6, 6, 6, 6, 6, 6, 4, 0, 0, 0, 0, 0, 0, 0, 0, 0, 0, 0, 5, 7, 4, 7, 0, 0, 0, 0, 4, 0, 4, 4, 4, 4, 4, 0, 0, 0, 0, 0, 4, 6, 6, 6, 6, 6, 6, 6, 6, 6, 4, 4, 4, 4, 4, 4, 4, 6, 6, 6, 6, 6, 6, 6, 6, 6, 6, 6, 6, 6, 6, 6, 6, 6, 6, 6, 6, 4, 4, 4, 4, 4, 0, 0, 4, 6, 6, 4, 0, 0, 7, 0, 0, 0, 0, 0, 0, 0, 4, 4, 6, 
6, 6, 6, 6, 6, 6, 4, 4, 4, 4, 4, 4, 4, 6, 4, 4, 0, 0, 4, 4, 6, 6, 6, 6, 6, 6, 6, 6, 6, 6, 6, 6, 6, 6, 6, 4, 4, 0, 0, 0, 4, 4, 0, 0, 0, 0, 4, 4, 4, 4, 4, 4, 0, 0, 0, 0, 0, 0, 0, 0, 0, 0, 0, 0, 0, 4, 4, 4, 6, 6, 6, 6, 6, 6, 6, 6, 4, 4, 0, 0, 0, 0, 0, 4, 4, 4, 4, 4, 4, 6, 6, 6, 6, 6, 6, 6, 6, 6, 6, 6, 6, 17, 6, 6, 4, 0, 0, 0, 4, 0, 0, 4, 4, 4, 4, 4, 4, 4, 4, 4, 4, 0, 0, 4, 4, 4, 6, 6, 
6, 6, 6, 6, 6, 6, 6, 6, 6, 6, 6, 6, 6, 4, 4, 0, 0, 4, 4, 6, 6, 6, 6, 6, 6, 6, 6, 6, 6, 6, 6, 6, 6, 6, 6, 4, 0, 0, 7, 0, 0, 4, 0, 0, 0, 0, 0, 0, 4, 0, 0, 0, 0, 4, 0, 4, 4, 0, 0, 0, 0, 0, 0, 0, 0, 0, 0, 4, 6, 6, 6, 6, 6, 6, 6, 6, 4, 0, 0, 0, 4, 4, 0, 0, 0, 0, 0, 0, 4, 4, 6, 6, 6, 6, 6, 4, 4, 4, 4, 6, 6, 6, 17, 6, 4, 0, 0, 0, 4, 0, 0, 0, 0, 0, 0, 0, 0, 0, 0, 0, 0, 0, 4, 4, 6, 6, 6, 6, 
6, 6, 6, 6, 6, 6, 6, 6, 6, 6, 6, 6, 4, 4, 0, 0, 0, 4, 6, 6, 6, 6, 6, 6, 6, 6, 6, 6, 6, 6, 6, 6, 6, 6, 6, 4, 4, 4, 4, 4, 4, 4, 4, 0, 0, 8, 0, 0, 5, 0, 0, 0, 0, 0, 0, 0, 0, 0, 0, 8, 0, 0, 0, 0, 0, 7, 0, 4, 6, 6, 6, 6, 6, 6, 6, 6, 4, 0, 0, 0, 0, 0, 0, 0, 4, 4, 0, 0, 0, 4, 4, 6, 4, 4, 4, 4, 0, 0, 4, 4, 6, 17, 6, 6, 4, 0, 0, 0, 4, 0, 0, 0, 0, 0, 0, 0, 0, 0, 0, 0, 0, 0, 4, 4, 6, 6, 6, 6, 
2, 6, 6, 6, 6, 6, 6, 6, 6, 6, 6, 6, 4, 0, 0, 4, 4, 4, 6, 6, 6, 6, 6, 2, 2, 6, 6, 6, 6, 6, 6, 6, 6, 6, 6, 6, 6, 6, 6, 6, 6, 4, 4, 4, 4, 4, 4, 4, 4, 0, 4, 4, 4, 4, 4, 4, 4, 4, 4, 4, 4, 4, 4, 4, 4, 4, 4, 4, 6, 6, 6, 2, 6, 6, 6, 6, 4, 4, 4, 4, 0, 0, 7, 0, 5, 0, 0, 0, 0, 0, 4, 4, 4, 0, 0, 0, 0, 0, 0, 4, 6, 6, 4, 4, 4, 4, 4, 0, 4, 0, 0, 0, 0, 0, 0, 4, 0, 0, 0, 0, 0, 4, 4, 4, 6, 6, 6, 6, 
2, 2, 6, 6, 6, 6, 6, 6, 6, 6, 6, 6, 4, 0, 0, 4, 6, 6, 6, 6, 6, 6, 2, 2, 2, 2, 6, 6, 6, 6, 6, 6, 6, 6, 6, 6, 6, 6, 6, 6, 6, 6, 6, 6, 6, 6, 6, 6, 4, 0, 0, 4, 6, 6, 6, 6, 6, 6, 6, 6, 6, 6, 6, 6, 6, 6, 6, 6, 6, 6, 2, 2, 6, 6, 6, 6, 6, 6, 6, 4, 4, 14, 4, 4, 4, 4, 0, 0, 0, 0, 0, 0, 0, 0, 0, 0, 0, 0, 0, 4, 4, 4, 4, 0, 0, 0, 4, 0, 4, 0, 0, 4, 0, 0, 0, 4, 4, 4, 0, 0, 0, 0, 0, 4, 6, 6, 6, 6, 
2, 2, 6, 6, 6, 6, 6, 6, 6, 6, 6, 4, 4, 0, 8, 4, 6, 6, 6, 6, 6, 6, 6, 6, 6, 6, 6, 6, 6, 6, 2, 2, 2, 2, 6, 6, 6, 6, 6, 6, 6, 6, 4, 4, 4, 6, 4, 4, 4, 4, 0, 4, 4, 4, 6, 6, 6, 6, 6, 6, 6, 6, 6, 6, 6, 4, 4, 4, 4, 4, 2, 2, 6, 6, 6, 6, 6, 6, 6, 6, 6, 6, 6, 6, 6, 4, 4, 4, 0, 0, 0, 0, 0, 0, 0, 0, 8, 0, 0, 0, 0, 0, 0, 0, 0, 0, 0, 0, 4, 4, 0, 4, 0, 0, 0, 4, 0, 0, 0, 0, 8, 0, 0, 4, 6, 6, 6, 6, 
2, 0, 6, 6, 6, 6, 6, 6, 6, 6, 6, 4, 0, 0, 0, 4, 6, 6, 6, 17, 6, 6, 6, 6, 6, 6, 6, 6, 6, 6, 6, 2, 2, 0, 6, 6, 6, 6, 6, 4, 4, 4, 4, 0, 4, 4, 4, 0, 0, 0, 0, 0, 0, 4, 6, 6, 4, 4, 4, 4, 4, 4, 4, 4, 4, 4, 0, 0, 0, 4, 6, 2, 6, 6, 6, 6, 6, 6, 6, 6, 6, 6, 6, 6, 6, 6, 6, 4, 4, 0, 0, 0, 4, 4, 4, 0, 0, 0, 0, 0, 0, 4, 4, 4, 4, 4, 4, 0, 0, 0, 0, 4, 0, 0, 0, 4, 0, 0, 0, 4, 4, 4, 4, 4, 4, 4, 4, 6, 
6, 6, 6, 6, 6, 6, 4, 4, 4, 4, 4, 4, 0, 0, 4, 4, 6, 6, 17, 6, 17, 6, 6, 6, 6, 6, 6, 6, 6, 6, 6, 6, 6, 6, 4, 4, 4, 4, 4, 4, 0, 0, 0, 0, 0, 4, 4, 0, 0, 4, 4, 4, 0, 4, 6, 6, 4, 0, 0, 0, 0, 0, 0, 0, 0, 0, 0, 0, 0, 4, 6, 6, 6, 6, 6, 6, 6, 6, 6, 6, 6, 6, 4, 4, 4, 4, 4, 4, 0, 0, 0, 0, 8, 0, 0, 0, 4, 4, 0, 7, 4, 4, 6, 6, 4, 0, 4, 4, 0, 0, 4, 4, 0, 4, 4, 4, 7, 0, 0, 4, 0, 0, 0, 0, 0, 0, 4, 6, 
6, 6, 6, 4, 4, 4, 4, 0, 0, 0, 0, 0, 0, 0, 0, 4, 6, 6, 6, 6, 6, 6, 6, 6, 6, 6, 6, 6, 6, 6, 6, 6, 6, 6, 4, 0, 0, 0, 0, 0, 0, 0, 7, 4, 0, 0, 4, 0, 0, 0, 0, 0, 0, 4, 4, 4, 4, 0, 0, 0, 0, 0, 14, 4, 0, 0, 0, 0, 4, 4, 6, 6, 6, 6, 6, 6, 6, 6, 6, 6, 6, 4, 4, 0, 0, 0, 0, 8, 0, 4, 4, 0, 0, 0, 0, 0, 0, 0, 0, 4, 4, 6, 6, 6, 4, 0, 0, 0, 0, 0, 0, 4, 0, 0, 0, 4, 4, 4, 4, 4, 0, 0, 0, 0, 0, 0, 4, 6, 
6, 4, 4, 4, 0, 0, 0, 0, 0, 0, 0, 0, 0, 0, 4, 4, 6, 6, 6, 6, 6, 6, 6, 6, 6, 6, 6, 6, 6, 6, 6, 6, 6, 6, 4, 0, 0, 0, 0, 0, 0, 4, 4, 4, 4, 0, 4, 0, 4, 4, 4, 0, 0, 4, 0, 4, 0, 0, 4, 4, 0, 0, 4, 0, 0, 0, 8, 0, 0, 4, 6, 6, 6, 6, 6, 6, 6, 6, 6, 6, 6, 4, 0, 0, 0, 0, 0, 0, 0, 0, 0, 0, 0, 7, 0, 0, 0, 0, 4, 4, 6, 6, 6, 6, 4, 4, 4, 4, 14, 4, 4, 4, 4, 0, 0, 0, 0, 0, 0, 0, 0, 0, 0, 0, 0, 0, 4, 4, 
6, 4, 0, 0, 0, 0, 0, 4, 4, 4, 4, 4, 4, 4, 4, 6, 6, 6, 6, 6, 6, 6, 6, 6, 6, 6, 6, 6, 6, 6, 6, 6, 6, 6, 4, 0, 0, 0, 4, 0, 0, 0, 4, 0, 0, 0, 4, 0, 0, 7, 0, 0, 0, 4, 7, 0, 0, 0, 0, 0, 0, 0, 4, 0, 0, 4, 4, 0, 0, 14, 6, 6, 6, 6, 6, 6, 6, 6, 6, 6, 6, 4, 0, 0, 4, 4, 0, 0, 0, 4, 4, 4, 4, 4, 4, 0, 0, 4, 4, 6, 6, 6, 6, 6, 4, 0, 0, 0, 0, 0, 0, 0, 4, 4, 4, 4, 0, 0, 0, 0, 0, 0, 0, 12, 0, 0, 0, 4, 
6, 4, 0, 0, 0, 0, 4, 4, 6, 6, 6, 6, 6, 6, 6, 6, 6, 6, 6, 6, 6, 6, 6, 6, 6, 6, 6, 6, 6, 6, 6, 6, 6, 6, 4, 0, 0, 0, 0, 0, 0, 0, 4, 0, 4, 4, 4, 0, 0, 4, 4, 4, 0, 4, 4, 4, 0, 0, 0, 0, 0, 0, 4, 0, 0, 0, 0, 0, 0, 4, 6, 6, 6, 4, 4, 4, 4, 4, 6, 4, 4, 4, 4, 0, 0, 0, 0, 0, 4, 4, 6, 6, 6, 6, 4, 14, 14, 4, 6, 6, 6, 6, 6, 6, 4, 0, 0, 0, 0, 0, 7, 0, 0, 0, 0, 4, 4, 4, 0, 10, 0, 0, 4, 4, 4, 0, 7, 4, 
6, 4, 0, 0, 0, 4, 4, 6, 6, 6, 4, 4, 4, 4, 4, 4, 4, 6, 6, 6, 6, 6, 6, 6, 6, 6, 6, 6, 6, 6, 6, 6, 6, 6, 4, 0, 0, 0, 0, 0, 0, 0, 4, 0, 4, 0, 0, 0, 0, 0, 0, 0, 8, 0, 0, 4, 0, 0, 0, 0, 0, 4, 4, 4, 0, 0, 0, 0, 4, 4, 6, 6, 4, 4, 0, 0, 0, 4, 4, 4, 0, 4, 0, 0, 0, 0, 0, 0, 0, 4, 6, 6, 6, 6, 6, 6, 6, 6, 6, 6, 6, 6, 6, 6, 4, 4, 0, 4, 4, 4, 4, 4, 4, 4, 0, 0, 0, 4, 4, 4, 4, 4, 4, 0, 4, 0, 4, 4, 
6, 4, 0, 0, 0, 4, 6, 6, 6, 4, 4, 0, 0, 0, 0, 0, 4, 6, 6, 6, 6, 6, 6, 6, 6, 6, 6, 6, 4, 4, 4, 4, 6, 6, 4, 0, 4, 4, 0, 0, 0, 0, 4, 0, 4, 0, 0, 0, 0, 0, 0, 4, 4, 4, 0, 4, 4, 0, 0, 4, 0, 4, 0, 0, 0, 0, 0, 14, 4, 4, 4, 4, 4, 0, 0, 0, 0, 0, 0, 5, 7, 4, 0, 0, 0, 4, 4, 4, 0, 4, 6, 6, 6, 6, 6, 6, 6, 6, 6, 6, 6, 6, 6, 6, 6, 4, 0, 0, 0, 0, 0, 0, 0, 0, 0, 0, 0, 0, 0, 0, 0, 4, 0, 0, 4, 0, 0, 4, 
6, 4, 8, 0, 0, 4, 6, 6, 6, 4, 0, 0, 0, 0, 0, 0, 4, 4, 4, 6, 6, 6, 6, 6, 4, 4, 4, 4, 4, 0, 0, 4, 4, 4, 4, 0, 0, 0, 0, 0, 0, 0, 4, 0, 0, 0, 0, 0, 0, 0, 0, 0, 0, 0, 0, 4, 0, 0, 0, 0, 0, 4, 0, 0, 0, 4, 4, 4, 0, 0, 0, 0, 5, 0, 0, 0, 4, 0, 0, 4, 4, 4, 0, 4, 0, 0, 0, 0, 0, 4, 6, 6, 6, 6, 6, 6, 6, 6, 6, 6, 6, 6, 6, 6, 6, 4, 4, 0, 0, 0, 0, 0, 0, 0, 4, 0, 0, 0, 8, 0, 0, 4, 0, 0, 4, 4, 0, 4, 
6, 4, 0, 0, 0, 4, 4, 4, 4, 4, 0, 0, 0, 0, 0, 0, 4, 0, 4, 4, 4, 4, 4, 6, 4, 0, 0, 0, 5, 0, 0, 0, 0, 0, 5, 0, 0, 0, 0, 0, 0, 0, 4, 0, 0, 0, 0, 0, 0, 0, 0, 0, 4, 4, 4, 4, 0, 0, 0, 0, 8, 0, 0, 0, 0, 4, 0, 0, 0, 4, 4, 4, 4, 4, 0, 8, 0, 0, 0, 0, 0, 4, 7, 0, 8, 0, 0, 0, 0, 4, 4, 4, 6, 6, 6, 6, 6, 6, 6, 6, 6, 6, 6, 6, 6, 4, 0, 0, 0, 8, 0, 0, 0, 0, 4, 4, 4, 4, 4, 14, 4, 4, 0, 0, 0, 0, 0, 4, 
6, 4, 0, 0, 0, 0, 0, 0, 0, 4, 0, 0, 0, 0, 0, 0, 4, 0, 0, 0, 0, 0, 4, 6, 4, 0, 0, 4, 4, 4, 4, 0, 4, 4, 4, 0, 0, 0, 0, 0, 0, 0, 4, 4, 4, 0, 0, 0, 0, 0, 0, 0, 0, 0, 0, 4, 4, 4, 0, 4, 4, 4, 0, 4, 4, 4, 0, 0, 0, 4, 6, 6, 6, 4, 0, 0, 0, 4, 0, 0, 0, 4, 4, 0, 0, 0, 0, 0, 0, 0, 0, 4, 4, 4, 4, 6, 6, 6, 6, 6, 6, 6, 6, 6, 6, 4, 0, 4, 4, 4, 4, 4, 0, 0, 0, 4, 0, 0, 0, 0, 0, 0, 0, 0, 0, 4, 4, 4, 
6, 4, 0, 0, 0, 0, 0, 0, 0, 0, 0, 0, 0, 8, 0, 0, 4, 0, 0, 0, 0, 0, 4, 4, 4, 0, 4, 4, 6, 6, 4, 0, 0, 0, 4, 0, 0, 0, 0, 0, 0, 0, 0, 0, 0, 0, 0, 0, 0, 8, 0, 0, 0, 0, 0, 0, 0, 0, 0, 0, 0, 0, 0, 4, 0, 0, 0, 0, 0, 4, 6, 6, 6, 4, 4, 0, 0, 0, 0, 0, 0, 0, 4, 4, 0, 0, 0, 4, 4, 0, 0, 0, 0, 0, 4, 6, 6, 6, 6, 6, 6, 6, 6, 6, 6, 4, 0, 4, 0, 0, 0, 0, 0, 0, 0, 4, 4, 4, 4, 0, 0, 0, 0, 4, 0, 4, 6, 6, 
6, 4, 4, 0, 0, 4, 4, 4, 4, 4, 4, 4, 0, 0, 0, 0, 4, 0, 0, 0, 0, 0, 4, 0, 0, 0, 0, 4, 6, 6, 4, 0, 0, 0, 4, 0, 8, 4, 0, 0, 8, 0, 4, 4, 4, 4, 4, 4, 4, 4, 4, 14, 4, 14, 4, 4, 4, 4, 4, 4, 4, 4, 0, 14, 0, 0, 0, 0, 4, 4, 6, 6, 6, 4, 0, 0, 0, 0, 4, 0, 0, 0, 0, 4, 4, 0, 0, 0, 8, 0, 0, 0, 0, 4, 4, 6, 6, 6, 6, 6, 6, 6, 17, 6, 17, 4, 4, 4, 0, 0, 0, 0, 0, 0, 7, 0, 0, 0, 4, 0, 0, 4, 0, 0, 0, 4, 6, 6, 
6, 6, 4, 4, 14, 4, 0, 0, 0, 0, 0, 4, 0, 0, 0, 0, 0, 0, 0, 8, 0, 0, 4, 0, 0, 4, 4, 4, 4, 6, 4, 0, 0, 0, 4, 4, 4, 4, 14, 4, 4, 4, 4, 0, 0, 0, 0, 0, 0, 0, 4, 4, 4, 4, 4, 0, 0, 0, 0, 0, 0, 0, 0, 4, 0, 0, 0, 8, 7, 4, 6, 6, 6, 4, 7, 0, 0, 0, 0, 0, 0, 0, 0, 0, 4, 4, 0, 0, 0, 0, 0, 0, 0, 4, 6, 6, 6, 6, 6, 6, 6, 6, 6, 17, 6, 4, 0, 0, 0, 8, 0, 4, 4, 4, 4, 4, 0, 0, 4, 0, 0, 0, 0, 8, 0, 4, 6, 6, 
6, 6, 6, 6, 6, 4, 0, 0, 0, 0, 0, 4, 0, 0, 0, 0, 0, 0, 0, 0, 0, 0, 14, 0, 0, 0, 0, 0, 4, 6, 4, 4, 4, 4, 4, 6, 6, 6, 6, 6, 6, 6, 4, 0, 0, 7, 0, 0, 0, 0, 0, 0, 4, 0, 4, 0, 0, 0, 0, 0, 4, 4, 4, 4, 0, 4, 4, 4, 4, 4, 4, 6, 6, 4, 4, 4, 4, 4, 4, 0, 0, 4, 4, 4, 4, 4, 4, 4, 4, 4, 0, 0, 4, 4, 6, 6, 6, 6, 6, 6, 6, 6, 6, 6, 6, 4, 0, 0, 0, 4, 4, 4, 0, 0, 0, 4, 0, 0, 4, 0, 4, 4, 4, 4, 4, 4, 6, 6, 
6, 6, 6, 6, 4, 4, 0, 8, 0, 0, 0, 4, 0, 0, 0, 0, 0, 0, 0, 0, 0, 0, 14, 0, 0, 0, 0, 0, 4, 6, 6, 6, 6, 6, 6, 6, 6, 6, 6, 6, 6, 6, 4, 4, 4, 4, 4, 0, 0, 0, 0, 0, 0, 0, 4, 0, 0, 0, 0, 0, 0, 0, 0, 0, 0, 0, 0, 0, 0, 0, 4, 6, 6, 6, 6, 6, 6, 6, 4, 4, 4, 4, 0, 0, 0, 0, 0, 0, 0, 0, 0, 0, 0, 4, 6, 6, 6, 6, 6, 6, 6, 6, 6, 6, 4, 4, 4, 0, 0, 4, 0, 0, 0, 0, 0, 0, 0, 0, 4, 0, 0, 0, 0, 0, 0, 4, 4, 4, 
4, 4, 4, 4, 4, 0, 0, 0, 0, 0, 0, 0, 0, 0, 0, 0, 0, 0, 0, 4, 4, 4, 4, 0, 0, 0, 0, 0, 4, 6, 6, 6, 6, 6, 6, 6, 6, 6, 17, 6, 17, 6, 6, 6, 6, 4, 0, 0, 0, 4, 0, 0, 0, 0, 4, 0, 0, 0, 0, 4, 4, 0, 0, 0, 0, 4, 0, 0, 0, 0, 4, 6, 6, 6, 6, 6, 6, 6, 6, 4, 0, 0, 0, 0, 0, 0, 0, 0, 0, 0, 0, 0, 4, 4, 6, 6, 6, 6, 6, 6, 6, 6, 6, 6, 4, 0, 0, 0, 0, 4, 0, 0, 0, 4, 0, 0, 0, 0, 0, 0, 0, 7, 0, 0, 0, 0, 0, 4, 
4, 0, 0, 0, 0, 0, 0, 0, 0, 0, 0, 0, 4, 4, 0, 0, 0, 0, 4, 4, 0, 0, 0, 0, 0, 0, 0, 0, 4, 6, 6, 6, 6, 6, 6, 6, 6, 6, 6, 17, 6, 6, 6, 6, 4, 4, 0, 0, 0, 0, 0, 4, 0, 4, 4, 0, 0, 0, 0, 0, 0, 0, 0, 0, 0, 0, 0, 4, 0, 0, 4, 6, 6, 6, 6, 6, 6, 6, 4, 4, 0, 0, 0, 0, 0, 0, 0, 0, 4, 4, 4, 4, 4, 6, 6, 17, 6, 6, 6, 6, 6, 6, 6, 6, 4, 0, 0, 0, 4, 4, 0, 0, 0, 4, 0, 0, 0, 4, 4, 4, 4, 4, 4, 4, 0, 0, 0, 4, 
4, 0, 0, 0, 0, 0, 0, 0, 0, 0, 0, 0, 0, 0, 0, 0, 0, 0, 0, 0, 0, 0, 0, 0, 0, 0, 0, 0, 4, 6, 6, 6, 6, 6, 6, 6, 6, 6, 6, 6, 6, 6, 6, 4, 4, 0, 0, 4, 4, 0, 0, 4, 4, 4, 4, 4, 0, 0, 0, 0, 8, 0, 4, 0, 0, 0, 0, 0, 0, 4, 4, 4, 6, 6, 6, 6, 6, 6, 4, 0, 0, 0, 4, 4, 4, 4, 0, 8, 0, 0, 0, 0, 4, 6, 17, 6, 17, 6, 6, 6, 6, 6, 6, 6, 4, 4, 4, 0, 0, 4, 0, 0, 0, 4, 0, 0, 0, 0, 0, 0, 8, 0, 0, 4, 4, 0, 0, 4, 
4, 0, 0, 4, 0, 0, 0, 0, 4, 4, 4, 0, 0, 0, 8, 0, 0, 0, 0, 0, 0, 0, 0, 0, 0, 0, 0, 0, 4, 6, 6, 6, 6, 6, 6, 6, 6, 6, 6, 6, 6, 6, 4, 4, 0, 0, 0, 0, 0, 0, 0, 0, 0, 0, 0, 4, 4, 0, 0, 0, 4, 4, 4, 14, 4, 0, 0, 0, 0, 0, 0, 4, 6, 6, 6, 6, 6, 6, 4, 0, 0, 4, 4, 0, 0, 4, 4, 4, 4, 4, 0, 0, 4, 6, 6, 6, 6, 6, 6, 6, 6, 6, 6, 6, 4, 0, 4, 4, 0, 0, 0, 0, 4, 4, 0, 0, 4, 4, 4, 4, 4, 4, 4, 4, 0, 0, 0, 4, 
4, 12, 0, 4, 0, 0, 4, 4, 4, 0, 0, 0, 0, 0, 0, 0, 0, 0, 0, 0, 0, 0, 0, 0, 0, 0, 0, 0, 4, 6, 6, 6, 6, 6, 6, 6, 6, 6, 6, 6, 4, 4, 4, 0, 0, 0, 0, 0, 0, 0, 0, 0, 0, 0, 0, 4, 0, 0, 0, 4, 4, 0, 0, 0, 4, 0, 0, 0, 4, 4, 0, 4, 6, 6, 6, 6, 6, 6, 4, 4, 0, 4, 0, 0, 0, 0, 0, 0, 0, 4, 4, 4, 4, 6, 6, 6, 6, 6, 6, 6, 6, 6, 6, 6, 4, 0, 0, 0, 0, 0, 0, 0, 0, 0, 0, 4, 4, 0, 0, 0, 0, 0, 0, 4, 0, 4, 0, 4, 
4, 4, 0, 0, 0, 0, 0, 0, 0, 0, 0, 0, 0, 0, 0, 0, 0, 0, 4, 0, 0, 4, 0, 0, 0, 9, 0, 0, 4, 6, 6, 6, 6, 6, 6, 6, 6, 6, 6, 4, 4, 0, 0, 0, 0, 0, 0, 0, 4, 4, 4, 0, 0, 0, 0, 4, 0, 0, 4, 4, 0, 0, 0, 0, 4, 4, 0, 0, 0, 0, 0, 4, 6, 6, 6, 6, 6, 6, 4, 0, 0, 4, 4, 4, 4, 4, 0, 0, 0, 0, 0, 0, 4, 4, 4, 6, 6, 6, 6, 6, 6, 6, 6, 6, 4, 4, 4, 4, 4, 4, 0, 7, 0, 0, 0, 0, 0, 0, 0, 0, 0, 0, 0, 0, 8, 0, 0, 4, 
4, 4, 4, 4, 14, 4, 4, 4, 4, 14, 4, 4, 4, 0, 0, 0, 4, 0, 4, 4, 0, 4, 0, 0, 0, 0, 0, 0, 4, 6, 6, 6, 6, 6, 6, 6, 6, 6, 6, 4, 0, 0, 4, 4, 0, 0, 0, 0, 4, 0, 0, 0, 0, 4, 4, 4, 0, 0, 0, 0, 0, 0, 0, 0, 0, 4, 0, 0, 0, 0, 0, 4, 6, 6, 6, 6, 6, 6, 4, 0, 0, 4, 0, 0, 0, 0, 0, 4, 0, 0, 10, 0, 7, 4, 6, 6, 6, 6, 6, 6, 6, 6, 6, 6, 4, 0, 0, 0, 0, 4, 4, 4, 4, 0, 4, 0, 4, 0, 0, 4, 4, 0, 0, 0, 0, 0, 4, 4, 
6, 6, 6, 6, 6, 6, 6, 6, 6, 6, 6, 4, 0, 0, 0, 0, 4, 0, 0, 4, 4, 4, 4, 4, 4, 4, 4, 4, 4, 4, 6, 6, 6, 6, 6, 6, 6, 6, 6, 4, 0, 0, 0, 0, 0, 0, 4, 0, 0, 0, 0, 0, 0, 0, 4, 4, 4, 14, 4, 0, 0, 0, 0, 0, 0, 4, 0, 8, 4, 4, 4, 4, 6, 6, 6, 6, 6, 6, 4, 0, 4, 4, 0, 0, 4, 4, 0, 0, 0, 4, 4, 4, 4, 4, 6, 6, 6, 6, 6, 6, 4, 4, 4, 4, 4, 0, 0, 0, 0, 0, 0, 0, 4, 0, 0, 0, 4, 0, 0, 0, 0, 0, 0, 4, 4, 4, 4, 4, 
6, 6, 6, 6, 6, 6, 6, 6, 6, 6, 6, 4, 0, 0, 0, 0, 4, 0, 0, 0, 5, 0, 0, 0, 0, 0, 0, 0, 4, 6, 6, 6, 6, 6, 6, 6, 6, 6, 6, 4, 0, 11, 0, 0, 4, 4, 4, 4, 4, 4, 4, 0, 0, 0, 0, 0, 0, 0, 4, 0, 0, 0, 0, 0, 0, 4, 4, 4, 4, 0, 4, 6, 6, 6, 6, 6, 6, 6, 4, 0, 0, 4, 4, 4, 4, 0, 0, 4, 0, 0, 0, 0, 0, 4, 6, 6, 6, 6, 6, 6, 4, 0, 0, 0, 5, 7, 0, 0, 0, 0, 0, 0, 4, 4, 4, 4, 4, 4, 4, 0, 0, 4, 4, 4, 0, 0, 0, 4, 
6, 6, 6, 6, 6, 6, 6, 6, 6, 6, 6, 4, 0, 0, 0, 0, 4, 0, 0, 0, 4, 4, 0, 0, 0, 4, 0, 4, 4, 4, 4, 6, 6, 6, 6, 6, 6, 6, 6, 4, 4, 4, 4, 4, 4, 6, 6, 6, 6, 4, 0, 0, 4, 0, 0, 4, 0, 0, 4, 4, 0, 0, 0, 0, 0, 0, 0, 0, 0, 0, 4, 6, 6, 6, 6, 6, 6, 6, 4, 0, 0, 4, 0, 0, 0, 0, 4, 4, 0, 0, 0, 0, 4, 4, 6, 6, 6, 6, 6, 6, 4, 0, 0, 0, 4, 4, 4, 4, 4, 0, 0, 0, 0, 0, 0, 0, 0, 0, 0, 0, 0, 0, 0, 0, 0, 0, 0, 4, 
6, 6, 6, 6, 6, 6, 6, 6, 6, 17, 6, 4, 0, 0, 0, 0, 4, 0, 0, 0, 4, 7, 0, 0, 0, 4, 4, 4, 0, 0, 4, 6, 6, 6, 6, 6, 6, 6, 6, 6, 6, 6, 6, 6, 6, 6, 6, 6, 6, 4, 0, 0, 4, 4, 0, 0, 0, 4, 4, 0, 0, 0, 4, 14, 4, 4, 0, 0, 0, 4, 4, 6, 6, 6, 6, 6, 6, 6, 4, 4, 0, 4, 0, 4, 4, 4, 4, 0, 0, 0, 0, 0, 4, 6, 6, 6, 6, 6, 6, 6, 4, 0, 0, 4, 4, 0, 0, 0, 4, 4, 4, 4, 0, 0, 0, 0, 8, 0, 0, 0, 0, 0, 0, 0, 0, 0, 4, 4, 
6, 6, 6, 6, 6, 6, 6, 6, 17, 6, 17, 4, 0, 8, 0, 4, 4, 0, 0, 0, 4, 4, 4, 14, 14, 4, 0, 0, 0, 0, 4, 6, 6, 6, 6, 6, 6, 6, 6, 6, 6, 6, 6, 6, 6, 6, 6, 6, 4, 4, 0, 4, 0, 4, 0, 0, 0, 0, 4, 0, 0, 0, 0, 0, 0, 0, 0, 0, 0, 4, 6, 6, 6, 6, 4, 4, 4, 4, 4, 0, 0, 4, 0, 0, 0, 0, 0, 0, 0, 0, 4, 4, 4, 6, 6, 6, 6, 6, 6, 6, 4, 0, 4, 4, 4, 0, 0, 0, 0, 0, 0, 4, 4, 0, 0, 0, 0, 0, 0, 0, 0, 0, 0, 0, 0, 0, 0, 4, 
6, 6, 6, 6, 6, 6, 6, 6, 6, 6, 6, 4, 14, 4, 4, 4, 0, 0, 0, 0, 0, 0, 0, 0, 0, 0, 0, 0, 4, 4, 4, 6, 6, 6, 6, 6, 4, 4, 4, 4, 4, 4, 4, 6, 6, 6, 6, 4, 4, 0, 0, 0, 0, 4, 0, 0, 4, 0, 4, 0, 4, 0, 0, 0, 0, 0, 4, 0, 4, 4, 6, 6, 6, 4, 4, 0, 0, 4, 4, 0, 0, 4, 0, 0, 0, 11, 0, 0, 0, 0, 0, 0, 4, 6, 6, 6, 6, 6, 6, 4, 4, 0, 4, 6, 4, 0, 0, 0, 0, 0, 0, 0, 0, 0, 0, 0, 0, 0, 0, 0, 0, 0, 0, 0, 0, 4, 4, 4, 
2, 6, 6, 6, 6, 6, 6, 6, 6, 6, 6, 6, 6, 6, 4, 0, 0, 0, 0, 0, 0, 0, 0, 0, 0, 0, 0, 0, 4, 6, 6, 2, 6, 6, 6, 4, 4, 0, 0, 0, 0, 0, 4, 4, 4, 6, 4, 4, 0, 0, 4, 0, 0, 4, 0, 0, 4, 0, 4, 4, 4, 4, 0, 0, 0, 0, 4, 0, 0, 4, 4, 6, 6, 4, 0, 0, 0, 0, 4, 0, 4, 4, 4, 4, 4, 4, 0, 0, 0, 0, 0, 0, 4, 4, 4, 4, 4, 4, 4, 4, 0, 0, 4, 6, 4, 0, 12, 0, 0, 0, 0, 8, 0, 0, 4, 4, 4, 0, 0, 0, 4, 4, 4, 0, 0, 0, 0, 4, 
2, 2, 6, 6, 6, 6, 6, 6, 6, 6, 6, 6, 6, 6, 4, 0, 0, 4, 0, 0, 0, 4, 0, 0, 8, 0, 0, 0, 4, 6, 2, 2, 6, 6, 4, 4, 0, 0, 0, 0, 0, 0, 0, 0, 4, 4, 4, 0, 0, 0, 0, 0, 0, 4, 4, 0, 0, 0, 0, 0, 0, 4, 4, 0, 0, 0, 0, 0, 0, 0, 4, 4, 6, 4, 10, 0, 0, 0, 0, 0, 0, 0, 0, 0, 0, 4, 4, 4, 0, 0, 0, 0, 5, 0, 0, 0, 0, 0, 0, 0, 0, 0, 4, 6, 4, 4, 4, 0, 0, 0, 0, 0, 0, 0, 0, 0, 0, 0, 0, 0, 0, 0, 4, 0, 0, 0, 0, 4, 
2, 2, 6, 6, 6, 6, 6, 6, 6, 4, 4, 4, 4, 4, 4, 4, 4, 4, 0, 0, 0, 4, 4, 4, 4, 4, 4, 4, 4, 6, 2, 2, 6, 6, 4, 0, 0, 8, 0, 0, 0, 0, 0, 0, 0, 0, 0, 0, 0, 0, 0, 0, 0, 0, 4, 0, 0, 0, 4, 4, 4, 4, 0, 0, 0, 0, 0, 0, 0, 0, 0, 4, 6, 4, 4, 4, 4, 4, 4, 4, 4, 4, 0, 0, 0, 0, 0, 0, 0, 0, 4, 4, 4, 4, 4, 4, 4, 4, 4, 4, 4, 4, 4, 6, 4, 7, 0, 0, 4, 4, 4, 4, 4, 0, 0, 0, 0, 0, 0, 0, 4, 4, 4, 4, 4, 4, 4, 4, 
2, 0, 6, 6, 6, 6, 6, 6, 6, 4, 0, 0, 0, 0, 0, 0, 0, 0, 0, 0, 0, 0, 0, 0, 0, 0, 0, 4, 4, 6, 6, 2, 6, 6, 4, 0, 0, 0, 0, 0, 0, 0, 0, 0, 0, 0, 0, 0, 0, 0, 0, 4, 0, 0, 5, 0, 0, 0, 4, 0, 0, 0, 0, 0, 4, 0, 0, 0, 0, 0, 0, 4, 6, 6, 6, 6, 6, 6, 6, 6, 6, 4, 7, 0, 0, 0, 0, 0, 4, 0, 0, 4, 6, 17, 6, 17, 6, 17, 17, 17, 6, 17, 6, 17, 4, 4, 4, 4, 4, 0, 0, 0, 4, 4, 0, 0, 0, 4, 0, 0, 0, 0, 0, 0, 0, 0, 0, 4, 
6, 6, 6, 6, 6, 6, 6, 6, 6, 4, 0, 0, 0, 0, 0, 0, 0, 0, 0, 0, 0, 0, 0, 0, 0, 0, 0, 0, 4, 4, 4, 4, 6, 4, 4, 0, 0, 4, 0, 0, 0, 0, 0, 0, 0, 0, 0, 0, 8, 0, 0, 0, 0, 4, 4, 4, 4, 4, 4, 0, 0, 4, 0, 0, 0, 0, 9, 0, 0, 4, 4, 4, 6, 6, 6, 6, 6, 6, 6, 6, 6, 4, 4, 4, 4, 4, 4, 0, 0, 0, 0, 4, 17, 6, 6, 17, 6, 6, 17, 6, 6, 17, 6, 17, 6, 6, 6, 6, 4, 0, 4, 0, 0, 4, 0, 4, 0, 0, 0, 0, 0, 8, 0, 0, 0, 0, 0, 4, 
6, 6, 6, 6, 6, 6, 6, 6, 6, 4, 0, 4, 4, 4, 0, 0, 0, 0, 0, 0, 0, 0, 0, 0, 0, 0, 0, 0, 0, 5, 0, 4, 6, 4, 0, 0, 7, 4, 0, 0, 0, 0, 4, 0, 0, 0, 0, 0, 0, 0, 4, 0, 0, 0, 0, 0, 0, 0, 0, 0, 4, 4, 0, 0, 0, 0, 0, 0, 0, 0, 4, 6, 6, 6, 6, 6, 6, 6, 6, 6, 6, 4, 0, 0, 0, 0, 0, 0, 0, 0, 4, 4, 17, 6, 6, 17, 6, 6, 17, 6, 6, 6, 17, 6, 6, 6, 6, 6, 4, 0, 0, 0, 0, 0, 0, 0, 0, 0, 0, 0, 0, 0, 0, 0, 0, 0, 4, 4, 
6, 6, 6, 6, 6, 6, 6, 6, 6, 4, 0, 0, 0, 0, 0, 0, 0, 0, 0, 0, 0, 0, 0, 0, 0, 0, 0, 4, 4, 4, 0, 4, 6, 4, 0, 4, 4, 4, 0, 0, 0, 0, 4, 4, 0, 0, 0, 0, 4, 4, 4, 4, 0, 0, 0, 0, 0, 0, 4, 4, 4, 4, 14, 4, 4, 4, 4, 4, 4, 4, 4, 6, 17, 6, 6, 6, 6, 6, 6, 6, 6, 4, 0, 4, 4, 4, 4, 0, 0, 0, 0, 4, 6, 17, 6, 17, 6, 6, 17, 6, 6, 6, 17, 6, 6, 6, 6, 6, 4, 0, 0, 0, 4, 4, 0, 0, 0, 4, 0, 0, 0, 0, 4, 4, 4, 4, 4, 6, 
6, 6, 6, 6, 6, 6, 6, 6, 6, 4, 0, 0, 0, 0, 0, 0, 0, 0, 0, 0, 0, 4, 4, 4, 4, 0, 0, 4, 0, 0, 0, 4, 6, 4, 0, 0, 8, 4, 0, 0, 0, 4, 4, 0, 0, 0, 0, 4, 4, 0, 0, 4, 4, 4, 0, 0, 0, 4, 4, 0, 0, 0, 0, 0, 0, 0, 0, 0, 0, 4, 4, 6, 6, 17, 6, 6, 6, 6, 6, 6, 6, 4, 0, 0, 0, 0, 4, 0, 0, 0, 0, 4, 6, 6, 6, 6, 6, 6, 6, 6, 6, 6, 6, 6, 6, 6, 6, 6, 4, 8, 0, 0, 0, 4, 4, 0, 0, 4, 4, 0, 0, 4, 4, 6, 6, 6, 6, 6, 
6, 6, 6, 6, 6, 6, 6, 6, 6, 4, 0, 0, 0, 0, 0, 0, 0, 0, 0, 0, 0, 0, 0, 0, 0, 0, 0, 4, 4, 0, 0, 4, 6, 4, 0, 0, 0, 4, 0, 4, 0, 0, 4, 0, 4, 0, 0, 0, 5, 0, 0, 0, 0, 0, 0, 4, 0, 4, 0, 0, 0, 0, 0, 0, 4, 4, 4, 4, 0, 4, 6, 6, 17, 6, 6, 6, 6, 6, 6, 6, 6, 4, 0, 0, 0, 7, 0, 0, 0, 4, 0, 4, 6, 6, 6, 6, 6, 6, 6, 6, 6, 6, 6, 6, 6, 6, 6, 6, 4, 0, 0, 7, 0, 0, 14, 0, 0, 0, 4, 0, 4, 4, 6, 6, 6, 6, 6, 6, 
6, 6, 6, 6, 6, 6, 6, 6, 6, 4, 4, 4, 4, 0, 0, 0, 0, 8, 0, 0, 0, 0, 0, 0, 0, 0, 0, 0, 4, 4, 0, 4, 4, 4, 4, 0, 0, 4, 0, 0, 0, 8, 4, 0, 8, 0, 4, 4, 4, 4, 7, 0, 0, 0, 0, 0, 0, 4, 0, 0, 4, 4, 4, 0, 0, 0, 0, 0, 0, 4, 6, 4, 4, 4, 4, 4, 4, 4, 4, 4, 4, 4, 0, 4, 4, 4, 4, 4, 0, 0, 0, 4, 6, 6, 6, 6, 6, 6, 6, 6, 6, 6, 6, 6, 6, 6, 4, 4, 4, 4, 14, 4, 4, 4, 14, 0, 0, 0, 0, 0, 4, 6, 6, 6, 6, 6, 6, 6, 
6, 6, 6, 6, 6, 6, 6, 6, 6, 4, 0, 0, 0, 0, 0, 4, 4, 4, 4, 0, 0, 0, 0, 0, 0, 0, 0, 0, 0, 4, 0, 4, 0, 4, 0, 0, 0, 4, 4, 0, 0, 0, 4, 4, 4, 0, 4, 0, 0, 4, 4, 4, 0, 0, 4, 0, 0, 4, 0, 0, 0, 0, 0, 0, 0, 7, 0, 0, 4, 4, 4, 4, 0, 0, 0, 0, 0, 0, 0, 0, 0, 0, 0, 0, 0, 0, 0, 0, 0, 4, 4, 4, 4, 4, 6, 6, 6, 6, 6, 6, 6, 6, 6, 6, 6, 4, 4, 0, 0, 0, 0, 0, 0, 0, 4, 4, 4, 4, 4, 0, 4, 4, 6, 6, 6, 6, 6, 6, 
6, 6, 6, 6, 6, 6, 6, 6, 6, 4, 0, 0, 0, 0, 0, 0, 0, 0, 0, 0, 0, 0, 0, 0, 0, 0, 0, 0, 0, 4, 0, 0, 0, 5, 0, 0, 4, 4, 8, 0, 0, 0, 4, 0, 4, 0, 4, 0, 0, 0, 0, 4, 4, 0, 0, 0, 0, 4, 4, 0, 0, 0, 0, 4, 4, 4, 4, 0, 0, 0, 4, 0, 0, 0, 0, 4, 4, 0, 0, 0, 0, 0, 0, 0, 0, 0, 0, 0, 4, 4, 0, 0, 0, 4, 4, 6, 6, 6, 6, 6, 6, 6, 6, 6, 6, 4, 7, 0, 0, 0, 0, 0, 0, 0, 0, 0, 0, 0, 0, 0, 0, 4, 4, 4, 6, 6, 6, 6, 
6, 6, 6, 6, 6, 6, 6, 6, 6, 4, 0, 0, 0, 0, 0, 0, 0, 0, 0, 0, 0, 0, 0, 0, 0, 0, 0, 0, 0, 4, 4, 4, 4, 4, 0, 0, 0, 4, 0, 4, 0, 0, 4, 0, 4, 4, 4, 0, 0, 0, 0, 0, 4, 14, 4, 0, 12, 4, 0, 0, 0, 0, 0, 0, 0, 0, 0, 0, 0, 0, 0, 0, 0, 0, 0, 0, 0, 0, 0, 0, 10, 0, 0, 0, 0, 0, 0, 0, 0, 4, 0, 4, 0, 0, 4, 6, 6, 6, 6, 6, 6, 6, 17, 6, 17, 4, 4, 4, 0, 0, 0, 0, 0, 0, 0, 0, 0, 0, 0, 4, 0, 0, 0, 4, 6, 6, 6, 6, 
6, 6, 6, 6, 6, 6, 6, 6, 6, 4, 0, 0, 0, 0, 0, 0, 0, 0, 0, 0, 0, 0, 0, 0, 8, 0, 0, 0, 0, 4, 6, 6, 6, 4, 4, 0, 0, 0, 0, 0, 0, 0, 4, 0, 0, 4, 4, 0, 0, 4, 4, 0, 4, 0, 4, 4, 4, 4, 0, 0, 4, 4, 0, 0, 0, 0, 0, 0, 0, 4, 4, 4, 4, 4, 4, 4, 4, 4, 4, 4, 4, 4, 4, 4, 4, 4, 0, 4, 4, 4, 0, 4, 0, 4, 4, 6, 6, 6, 6, 6, 6, 6, 6, 17, 6, 6, 6, 4, 4, 0, 0, 0, 0, 4, 4, 14, 4, 4, 0, 0, 0, 7, 4, 4, 6, 6, 6, 6, 
6, 6, 6, 6, 6, 6, 6, 6, 6, 4, 4, 0, 0, 0, 0, 0, 0, 0, 0, 0, 0, 4, 4, 4, 4, 4, 4, 0, 0, 4, 6, 6, 6, 6, 4, 0, 4, 0, 0, 0, 4, 0, 0, 0, 0, 0, 0, 0, 0, 0, 0, 0, 0, 0, 0, 8, 0, 0, 0, 0, 0, 0, 0, 0, 0, 0, 8, 0, 0, 0, 4, 6, 6, 6, 6, 6, 4, 12, 0, 0, 0, 0, 0, 0, 5, 0, 0, 0, 0, 0, 0, 4, 0, 0, 4, 6, 6, 6, 6, 6, 6, 6, 6, 6, 6, 6, 6, 6, 4, 8, 0, 0, 0, 4, 6, 6, 6, 4, 4, 4, 14, 4, 4, 6, 6, 6, 6, 6, 
6, 6, 6, 6, 6, 6, 6, 6, 6, 4, 0, 0, 0, 0, 0, 0, 0, 0, 0, 0, 0, 0, 0, 0, 0, 0, 0, 0, 0, 4, 6, 6, 6, 6, 4, 0, 4, 14, 4, 14, 4, 4, 0, 0, 0, 8, 0, 0, 0, 0, 0, 0, 4, 4, 4, 4, 4, 4, 4, 4, 4, 4, 4, 0, 0, 4, 4, 4, 4, 4, 4, 6, 6, 6, 6, 6, 4, 4, 4, 4, 4, 4, 4, 4, 4, 4, 4, 4, 4, 4, 4, 4, 0, 4, 4, 6, 6, 6, 6, 6, 6, 6, 6, 6, 6, 6, 6, 6, 4, 0, 0, 0, 4, 4, 6, 6, 6, 6, 6, 6, 6, 6, 6, 6, 6, 6, 6, 6, 
2, 6, 6, 6, 6, 6, 6, 6, 6, 4, 0, 0, 0, 0, 4, 4, 4, 4, 0, 0, 0, 0, 0, 0, 0, 0, 0, 0, 0, 4, 6, 2, 2, 6, 4, 14, 4, 6, 6, 6, 6, 4, 4, 14, 4, 4, 4, 4, 14, 4, 4, 4, 4, 6, 6, 6, 6, 6, 6, 6, 6, 6, 4, 14, 14, 4, 6, 6, 6, 6, 6, 2, 2, 6, 6, 6, 6, 6, 6, 6, 6, 6, 6, 6, 6, 6, 6, 6, 4, 4, 4, 0, 0, 4, 6, 6, 6, 6, 6, 6, 6, 6, 6, 2, 2, 6, 6, 4, 4, 0, 0, 0, 4, 6, 6, 6, 6, 6, 6, 6, 6, 6, 6, 6, 6, 6, 6, 2, 
2, 2, 6, 6, 6, 6, 6, 6, 6, 4, 0, 0, 0, 0, 0, 0, 0, 0, 0, 0, 0, 0, 0, 0, 0, 0, 0, 0, 4, 4, 2, 2, 2, 2, 6, 6, 6, 6, 6, 6, 6, 6, 6, 6, 6, 6, 6, 6, 6, 6, 6, 6, 6, 6, 6, 6, 6, 6, 6, 6, 6, 6, 6, 6, 6, 6, 6, 6, 6, 6, 2, 2, 2, 2, 6, 6, 6, 6, 6, 6, 6, 6, 6, 6, 6, 6, 4, 4, 4, 0, 0, 0, 4, 4, 6, 6, 6, 6, 6, 6, 6, 6, 2, 2, 2, 2, 6, 4, 0, 0, 0, 8, 4, 6, 6, 6, 6, 6, 6, 6, 6, 6, 6, 6, 6, 6, 2, 2, 
2, 2, 6, 6, 6, 6, 6, 6, 6, 4, 4, 4, 4, 4, 4, 4, 4, 4, 0, 0, 4, 4, 4, 4, 4, 4, 4, 4, 4, 0, 4, 6, 6, 6, 6, 6, 6, 6, 6, 6, 6, 6, 6, 6, 6, 6, 6, 6, 6, 6, 6, 6, 6, 6, 6, 6, 6, 6, 6, 6, 6, 6, 6, 6, 6, 4, 4, 4, 4, 6, 6, 6, 6, 4, 4, 4, 6, 6, 6, 6, 6, 6, 6, 6, 6, 4, 4, 0, 0, 0, 0, 4, 4, 6, 6, 6, 6, 6, 6, 6, 6, 6, 6, 6, 6, 6, 6, 4, 4, 14, 4, 0, 4, 6, 6, 6, 6, 6, 6, 6, 6, 6, 6, 6, 6, 6, 2, 2, 
2, 0, 6, 6, 6, 6, 6, 6, 6, 4, 0, 0, 0, 0, 0, 0, 0, 0, 0, 0, 0, 0, 0, 0, 0, 0, 0, 0, 4, 0, 4, 4, 6, 6, 6, 6, 6, 6, 6, 6, 6, 17, 6, 6, 6, 6, 6, 6, 6, 6, 6, 6, 6, 6, 6, 6, 6, 6, 6, 6, 6, 6, 6, 4, 4, 4, 0, 0, 4, 4, 6, 6, 4, 4, 0, 4, 6, 4, 4, 4, 4, 4, 4, 4, 4, 4, 0, 0, 0, 0, 4, 4, 6, 6, 6, 6, 6, 6, 6, 6, 6, 6, 6, 6, 6, 4, 4, 4, 0, 0, 4, 0, 4, 4, 6, 6, 6, 6, 6, 6, 6, 6, 6, 6, 6, 6, 6, 2, 
6, 6, 6, 6, 6, 6, 6, 6, 6, 4, 0, 0, 0, 0, 0, 0, 0, 4, 4, 4, 0, 0, 4, 0, 0, 8, 0, 0, 0, 0, 0, 4, 4, 6, 6, 6, 6, 6, 6, 6, 17, 6, 6, 6, 6, 6, 6, 6, 6, 6, 6, 6, 6, 6, 4, 4, 4, 4, 4, 4, 4, 4, 4, 4, 0, 0, 0, 0, 0, 4, 4, 4, 4, 0, 0, 4, 4, 4, 0, 0, 0, 0, 5, 0, 0, 0, 0, 0, 0, 4, 4, 6, 6, 6, 6, 6, 6, 6, 6, 6, 17, 6, 6, 6, 4, 4, 0, 0, 0, 0, 4, 0, 0, 4, 4, 4, 4, 4, 4, 4, 4, 4, 4, 4, 4, 4, 6, 6, 
6, 6, 6, 6, 6, 6, 6, 6, 6, 4, 4, 0, 0, 0, 0, 0, 0, 0, 0, 0, 0, 0, 4, 0, 0, 0, 0, 0, 0, 0, 0, 0, 4, 4, 4, 6, 6, 6, 6, 6, 6, 17, 6, 6, 6, 6, 6, 6, 6, 6, 6, 6, 4, 4, 4, 0, 0, 0, 0, 0, 0, 0, 0, 0, 0, 0, 0, 0, 0, 0, 0, 0, 4, 0, 0, 0, 0, 0, 0, 0, 0, 4, 4, 4, 4, 4, 4, 4, 4, 4, 6, 6, 6, 6, 6, 6, 6, 6, 6, 17, 6, 6, 6, 6, 4, 0, 0, 0, 0, 0, 4, 4, 0, 0, 0, 0, 0, 0, 0, 8, 0, 0, 0, 0, 0, 4, 6, 6, 
6, 6, 6, 6, 6, 6, 6, 6, 6, 6, 4, 4, 0, 0, 0, 0, 0, 0, 0, 0, 0, 0, 4, 0, 0, 4, 4, 4, 4, 4, 0, 0, 0, 0, 4, 4, 6, 4, 4, 4, 4, 4, 4, 4, 4, 6, 6, 6, 6, 6, 6, 4, 4, 0, 0, 0, 0, 0, 0, 0, 0, 0, 0, 0, 0, 0, 0, 0, 0, 0, 0, 0, 4, 0, 0, 0, 0, 4, 4, 4, 0, 4, 6, 6, 6, 6, 6, 6, 6, 6, 6, 6, 6, 6, 6, 6, 6, 6, 6, 6, 17, 6, 4, 4, 4, 0, 0, 8, 0, 0, 0, 4, 0, 0, 0, 0, 0, 0, 0, 0, 0, 0, 0, 0, 4, 4, 6, 6, 
6, 6, 6, 6, 6, 6, 6, 6, 6, 6, 6, 4, 14, 14, 0, 0, 8, 0, 0, 4, 0, 0, 4, 0, 4, 4, 0, 0, 0, 4, 0, 0, 0, 0, 0, 4, 4, 4, 0, 0, 0, 0, 0, 0, 4, 6, 6, 6, 6, 6, 6, 4, 0, 0, 0, 0, 0, 0, 0, 0, 4, 4, 4, 4, 4, 4, 4, 4, 0, 0, 4, 0, 4, 4, 4, 4, 0, 0, 4, 0, 0, 4, 6, 6, 6, 6, 6, 6, 6, 6, 6, 6, 6, 6, 6, 6, 6, 6, 6, 6, 6, 4, 4, 0, 4, 4, 0, 0, 0, 0, 0, 4, 4, 0, 0, 0, 0, 0, 0, 0, 0, 0, 0, 14, 4, 4, 4, 4, 
6, 6, 6, 6, 6, 6, 6, 6, 6, 6, 6, 6, 6, 4, 4, 0, 4, 4, 4, 4, 0, 0, 4, 0, 0, 0, 0, 0, 4, 4, 0, 0, 0, 0, 4, 4, 0, 0, 0, 0, 8, 0, 0, 0, 4, 6, 6, 6, 6, 6, 6, 4, 0, 0, 0, 0, 0, 0, 8, 0, 0, 0, 0, 0, 0, 0, 7, 4, 0, 0, 4, 0, 4, 0, 0, 0, 0, 14, 4, 4, 0, 4, 6, 6, 6, 6, 6, 6, 6, 6, 6, 6, 6, 6, 6, 6, 6, 6, 6, 6, 4, 4, 0, 0, 0, 4, 0, 0, 7, 0, 0, 0, 4, 4, 4, 4, 0, 0, 0, 0, 8, 0, 4, 4, 0, 0, 0, 4, 
6, 6, 6, 6, 6, 6, 6, 6, 6, 6, 6, 6, 6, 6, 4, 4, 4, 0, 0, 0, 0, 4, 4, 0, 0, 0, 0, 4, 4, 4, 0, 0, 0, 0, 4, 0, 0, 0, 4, 4, 4, 4, 0, 4, 4, 6, 6, 6, 6, 6, 6, 4, 0, 0, 0, 0, 4, 4, 4, 4, 4, 4, 4, 4, 4, 4, 4, 4, 4, 0, 4, 0, 0, 0, 0, 4, 4, 4, 4, 0, 0, 4, 4, 4, 4, 4, 6, 6, 6, 6, 6, 6, 6, 6, 6, 6, 6, 4, 4, 4, 4, 0, 0, 0, 0, 4, 4, 14, 4, 4, 4, 0, 0, 0, 0, 4, 4, 0, 4, 4, 4, 4, 4, 0, 0, 0, 0, 4, 
6, 6, 6, 6, 6, 6, 6, 6, 6, 6, 6, 17, 6, 6, 4, 0, 0, 0, 0, 0, 4, 4, 0, 0, 0, 0, 0, 4, 0, 4, 0, 8, 0, 0, 4, 0, 0, 0, 0, 4, 0, 0, 0, 4, 6, 6, 6, 6, 6, 6, 6, 4, 0, 0, 0, 4, 4, 0, 0, 0, 0, 0, 0, 0, 0, 0, 0, 0, 4, 4, 4, 0, 4, 4, 4, 4, 0, 0, 4, 4, 0, 0, 0, 0, 4, 4, 4, 4, 6, 6, 4, 4, 4, 4, 4, 4, 4, 4, 0, 0, 0, 0, 0, 0, 0, 0, 0, 0, 0, 0, 4, 4, 4, 0, 0, 0, 0, 0, 0, 0, 0, 0, 0, 0, 0, 0, 7, 4, 
6, 6, 6, 6, 6, 6, 6, 6, 6, 6, 17, 6, 17, 6, 4, 0, 0, 0, 4, 4, 4, 0, 0, 0, 0, 0, 0, 4, 0, 4, 4, 4, 4, 0, 4, 4, 0, 0, 0, 4, 0, 0, 0, 4, 4, 4, 6, 6, 6, 6, 6, 4, 0, 0, 4, 4, 13, 13, 13, 13, 13, 13, 13, 13, 13, 13, 13, 13, 13, 13, 13, 13, 13, 13, 13, 4, 4, 13, 13, 4, 4, 0, 8, 0, 0, 0, 0, 4, 6, 4, 4, 0, 0, 0, 4, 4, 0, 0, 0, 0, 4, 0, 0, 0, 0, 4, 0, 0, 0, 0, 0, 0, 4, 4, 0, 0, 0, 4, 0, 0, 0, 0, 8, 0, 0, 4, 4, 4, 
6, 6, 6, 6, 6, 6, 6, 6, 6, 6, 6, 6, 6, 6, 4, 0, 0, 0, 0, 0, 0, 0, 0, 12, 0, 0, 0, 0, 0, 0, 0, 4, 0, 0, 0, 4, 4, 0, 0, 4, 0, 0, 0, 0, 0, 4, 4, 6, 6, 6, 6, 4, 0, 0, 4, 13, 13, 13, 13, 4, 13, 13, 13, 13, 13, 13, 4, 4, 13, 13, 13, 4, 13, 13, 13, 13, 4, 13, 13, 13, 4, 4, 4, 4, 0, 0, 0, 4, 4, 4, 0, 0, 0, 0, 4, 4, 4, 4, 4, 0, 4, 4, 13, 4, 13, 13, 13, 13, 13, 13, 13, 13, 13, 13, 13, 13, 4, 4, 4, 4, 4, 4, 4, 4, 4, 4, 4, 4, 
6, 6, 6, 6, 6, 6, 6, 6, 6, 6, 6, 6, 6, 6, 4, 4, 0, 0, 0, 0, 0, 0, 4, 4, 0, 4, 0, 0, 8, 0, 4, 4, 0, 0, 0, 0, 4, 0, 0, 4, 0, 4, 0, 0, 0, 7, 4, 6, 6, 6, 6, 4, 0, 0, 4, 4, 13, 13, 13, 13, 13, 13, 12, 13, 13, 13, 13, 13, 13, 13, 13, 13, 13, 13, 13, 13, 4, 13, 13, 13, 13, 13, 4, 0, 0, 4, 0, 0, 4, 0, 0, 7, 0, 0, 0, 4, 4, 0, 0, 0, 4, 13, 13, 13, 13, 13, 13, 13, 13, 13, 4, 4, 13, 13, 4, 4, 4, 13, 13, 13, 13, 13, 13, 13, 4, 4, 0, 0, 
6, 6, 6, 6, 6, 6, 6, 6, 6, 6, 6, 6, 6, 6, 6, 4, 0, 4, 0, 0, 0, 0, 0, 0, 0, 4, 0, 0, 0, 4, 4, 0, 0, 0, 0, 0, 4, 0, 0, 4, 4, 4, 0, 0, 0, 4, 4, 6, 6, 6, 6, 4, 0, 0, 0, 4, 4, 13, 13, 13, 13, 13, 4, 13, 13, 13, 13, 13, 13, 13, 4, 13, 13, 13, 13, 4, 4, 13, 13, 13, 13, 13, 4, 0, 0, 0, 0, 0, 4, 14, 4, 4, 0, 0, 0, 0, 4, 0, 0, 4, 4, 13, 4, 4, 4, 4, 4, 4, 13, 13, 13, 4, 4, 13, 13, 13, 13, 13, 13, 13, 13, 13, 13, 13, 13, 4, 0, 0, 
6, 6, 6, 6, 6, 6, 6, 6, 6, 6, 6, 6, 6, 6, 6, 4, 4, 4, 4, 0, 0, 4, 4, 0, 0, 4, 0, 0, 0, 4, 0, 0, 0, 0, 0, 0, 4, 0, 4, 4, 4, 0, 0, 4, 4, 4, 6, 6, 6, 6, 6, 4, 0, 0, 0, 0, 4, 14, 4, 4, 13, 13, 4, 4, 13, 4, 13, 13, 13, 13, 13, 13, 13, 13, 13, 13, 13, 13, 13, 8, 13, 13, 4, 0, 4, 4, 0, 0, 0, 0, 4, 4, 4, 4, 0, 0, 4, 0, 0, 0, 4, 13, 13, 13, 13, 13, 13, 4, 4, 13, 13, 13, 4, 13, 4, 4, 4, 13, 13, 13, 13, 13, 13, 13, 13, 4, 4, 4, 
6, 6, 6, 6, 6, 6, 6, 6, 6, 6, 6, 6, 6, 6, 6, 6, 6, 6, 4, 0, 0, 0, 4, 14, 14, 4, 0, 0, 4, 4, 13, 13, 13, 4, 14, 4, 4, 13, 4, 0, 0, 0, 0, 4, 6, 6, 6, 6, 6, 6, 4, 4, 0, 0, 0, 0, 0, 0, 0, 4, 14, 4, 4, 13, 13, 4, 13, 13, 13, 4, 13, 13, 13, 13, 13, 4, 13, 4, 4, 4, 13, 13, 4, 0, 0, 4, 0, 0, 0, 0, 0, 0, 0, 0, 8, 0, 0, 0, 4, 4, 4, 13, 4, 13, 13, 13, 13, 13, 4, 4, 13, 13, 13, 13, 13, 4, 13, 13, 8, 13, 4, 13, 13, 7, 13, 13, 13, 4, 
6, 6, 6, 6, 6, 6, 6, 6, 6, 6, 6, 6, 6, 6, 6, 6, 6, 6, 4, 4, 0, 0, 0, 0, 0, 0, 0, 0, 4, 13, 13, 13, 13, 4, 13, 13, 13, 13, 4, 0, 0, 0, 4, 4, 6, 4, 4, 4, 4, 4, 4, 0, 0, 0, 0, 0, 0, 0, 0, 0, 7, 4, 4, 4, 13, 13, 13, 13, 13, 13, 13, 13, 13, 13, 4, 4, 4, 4, 6, 4, 4, 4, 4, 4, 14, 4, 4, 4, 0, 4, 4, 0, 0, 0, 0, 0, 0, 0, 0, 0, 4, 13, 13, 13, 13, 13, 13, 13, 13, 4, 13, 13, 13, 4, 13, 4, 4, 4, 4, 4, 4, 4, 4, 4, 4, 13, 13, 4, 
6, 6, 6, 6, 6, 6, 6, 6, 6, 6, 6, 6, 6, 6, 6, 6, 6, 6, 6, 4, 0, 0, 0, 0, 0, 0, 0, 0, 4, 4, 4, 13, 13, 13, 13, 13, 13, 4, 4, 0, 0, 0, 0, 4, 6, 4, 0, 0, 0, 0, 0, 0, 0, 0, 0, 0, 0, 0, 0, 0, 4, 4, 6, 4, 13, 13, 13, 4, 4, 13, 13, 13, 4, 4, 4, 6, 6, 6, 6, 4, 0, 0, 7, 0, 0, 0, 0, 0, 0, 4, 0, 0, 4, 0, 0, 0, 4, 4, 14, 4, 4, 13, 13, 8, 13, 13, 4, 13, 4, 4, 4, 4, 4, 4, 4, 4, 13, 13, 13, 13, 13, 13, 13, 13, 4, 4, 13, 4, 
6, 6, 6, 6, 6, 6, 6, 6, 6, 6, 6, 6, 6, 6, 6, 6, 6, 6, 6, 4, 4, 4, 4, 0, 0, 10, 0, 4, 4, 13, 13, 13, 13, 13, 13, 13, 13, 13, 4, 0, 0, 0, 0, 4, 4, 4, 0, 0, 9, 0, 0, 0, 0, 4, 0, 4, 0, 4, 4, 0, 4, 6, 6, 4, 4, 13, 13, 13, 13, 13, 4, 4, 4, 6, 6, 6, 17, 6, 6, 4, 4, 14, 4, 4, 0, 0, 4, 4, 0, 4, 0, 4, 4, 0, 4, 4, 4, 6, 4, 6, 4, 4, 4, 4, 13, 13, 13, 13, 13, 13, 13, 13, 13, 13, 13, 13, 13, 13, 13, 13, 7, 13, 13, 13, 13, 4, 4, 4, 
6, 6, 6, 6, 6, 6, 6, 6, 6, 6, 6, 6, 6, 6, 6, 6, 6, 6, 6, 6, 6, 6, 4, 4, 4, 4, 4, 4, 13, 13, 4, 13, 13, 13, 8, 13, 4, 13, 4, 4, 0, 0, 0, 0, 4, 4, 4, 4, 4, 4, 4, 14, 4, 4, 4, 4, 4, 4, 4, 4, 4, 6, 6, 6, 4, 4, 14, 4, 14, 4, 4, 6, 6, 6, 6, 17, 6, 6, 6, 6, 6, 6, 4, 0, 0, 8, 0, 0, 0, 0, 0, 0, 4, 4, 4, 6, 6, 6, 6, 6, 6, 4, 6, 4, 4, 13, 13, 13, 13, 13, 13, 4, 4, 13, 13, 13, 4, 4, 4, 4, 4, 4, 4, 13, 13, 13, 4, 6, 
6, 6, 6, 6, 6, 6, 6, 6, 6, 6, 6, 6, 6, 6, 6, 6, 6, 6, 6, 6, 6, 6, 6, 4, 13, 13, 13, 13, 13, 13, 4, 4, 4, 4, 4, 4, 4, 13, 13, 4, 4, 4, 0, 0, 0, 0, 0, 0, 0, 0, 0, 0, 0, 4, 6, 6, 6, 6, 6, 6, 6, 6, 6, 6, 6, 6, 6, 6, 6, 6, 6, 6, 6, 6, 6, 6, 17, 6, 6, 6, 6, 6, 4, 4, 4, 4, 4, 4, 4, 4, 14, 4, 4, 6, 6, 6, 6, 6, 6, 6, 6, 6, 6, 6, 4, 4, 13, 13, 4, 13, 13, 13, 13, 13, 4, 4, 4, 6, 6, 6, 6, 4, 13, 13, 13, 4, 4, 6, 
6, 6, 6, 6, 6, 6, 6, 6, 6, 6, 6, 6, 6, 6, 6, 6, 6, 6, 6, 6, 6, 6, 6, 4, 13, 4, 4, 4, 4, 4, 4, 4, 6, 6, 4, 13, 13, 13, 13, 13, 7, 4, 4, 4, 4, 4, 4, 4, 4, 4, 4, 4, 4, 4, 6, 6, 6, 6, 6, 6, 6, 6, 6, 6, 6, 6, 6, 6, 6, 6, 6, 6, 6, 6, 6, 6, 6, 6, 6, 6, 6, 6, 6, 6, 6, 6, 6, 6, 6, 6, 6, 6, 6, 6, 6, 6, 6, 6, 6, 6, 6, 6, 6, 6, 6, 4, 4, 4, 4, 4, 13, 13, 13, 4, 4, 6, 6, 6, 6, 6, 6, 4, 4, 4, 4, 4, 6, 6, 
6, 6, 6, 6, 6, 6, 6, 6, 6, 6, 6, 6, 6, 6, 6, 6, 6, 6, 6, 6, 6, 6, 6, 4, 13, 13, 13, 13, 13, 4, 6, 6, 6, 6, 4, 4, 4, 4, 4, 4, 4, 4, 6, 6, 6, 6, 6, 6, 6, 6, 6, 6, 6, 6, 6, 6, 6, 6, 6, 6, 6, 6, 6, 6, 6, 6, 6, 6, 6, 6, 6, 6, 6, 6, 6, 6, 6, 6, 6, 6, 6, 6, 6, 6, 6, 6, 6, 6, 6, 6, 6, 6, 6, 6, 6, 6, 6, 6, 6, 6, 6, 6, 6, 6, 6, 6, 6, 6, 6, 4, 4, 4, 4, 4, 6, 6, 6, 6, 6, 6, 6, 6, 6, 6, 6, 6, 6, 6, 
2, 6, 6, 6, 6, 6, 6, 6, 6, 6, 6, 6, 6, 6, 6, 6, 6, 6, 6, 6, 6, 6, 6, 4, 4, 8, 13, 4, 4, 4, 6, 6, 6, 6, 6, 6, 6, 6, 6, 6, 6, 6, 6, 6, 6, 6, 6, 6, 6, 6, 6, 6, 6, 6, 6, 6, 6, 6, 6, 6, 6, 6, 6, 6, 6, 6, 6, 6, 6, 6, 6, 6, 6, 6, 6, 6, 6, 6, 6, 6, 6, 6, 6, 6, 6, 6, 6, 6, 6, 6, 6, 6, 6, 6, 6, 6, 6, 6, 6, 6, 6, 6, 6, 6, 6, 6, 6, 6, 6, 6, 6, 6, 6, 6, 6, 6, 6, 4, 6, 6, 6, 6, 6, 6, 6, 6, 6, 2, 
2, 2, 6, 6, 6, 6, 6, 6, 6, 6, 6, 6, 6, 6, 6, 6, 6, 6, 6, 6, 6, 6, 6, 6, 4, 4, 4, 4, 6, 6, 6, 6, 6, 6, 6, 6, 6, 6, 6, 6, 6, 6, 6, 6, 6, 6, 6, 6, 6, 6, 6, 6, 6, 6, 6, 6, 6, 6, 6, 6, 6, 6, 6, 6, 6, 6, 6, 6, 6, 6, 6, 6, 6, 6, 6, 6, 6, 6, 6, 6, 6, 6, 6, 6, 6, 6, 6, 6, 6, 6, 6, 6, 6, 6, 6, 6, 6, 6, 6, 6, 6, 6, 6, 6, 6, 6, 6, 6, 6, 6, 6, 6, 6, 6, 6, 6, 6, 6, 6, 6, 6, 6, 6, 6, 6, 6, 2, 2, 
3, 3, 3, 3, 3, 3, 3, 3, 3, 3, 3, 3, 3, 3, 3, 3, 3, 3, 3, 3, 3, 3, 3, 3, 3, 3, 3, 3, 3, 3, 3, 3, 3, 3, 3, 3, 3, 3, 3, 3, 3, 3, 3, 3, 3, 3, 3, 3, 3, 3, 3, 3, 3, 3, 3, 3, 3, 3, 3, 3, 3, 3, 3, 3, 3, 3, 3, 3, 3, 3, 3, 3, 3, 3, 3, 3, 3, 3, 3, 3, 3, 3, 3, 3, 3, 3, 3, 3, 3, 3, 3, 3, 3, 3, 3, 3, 3, 3, 3, 3, 3, 3, 3, 3, 3, 3, 3, 3, 3, 3, 3, 3, 3, 3, 3, 3, 3, 3, 3, 3, 3, 3, 3, 3, 3, 3, 3, 3, 
0, 0, 0, 0, 0, 0, 0, 0, 0, 0, 0, 0, 0, 0, 0, 0, 0, 0, 0, 0, 0, 0, 0, 0, 0, 0, 0, 0, 0, 0, 0, 0, 0, 0, 0, 0, 0, 0, 0, 0, 0, 0, 0, 0, 0, 0, 0, 0, 0, 0, 0, 0, 0, 0, 0, 0, 0, 0, 0, 0, 0, 0, 0, 0, 0, 0, 0, 0, 0, 0, 0, 0, 0, 0, 0, 0, 0, 0, 0, 0, 0, 0, 0, 0, 0, 0, 0, 0, 0, 0, 0, 0, 0, 0, 0, 0, 0, 0, 0, 0, 0, 0, 0, 0, 0, 0, 0, 0, 0, 0, 0, 0, 0, 0, 0, 0, 0, 0, 0, 0, 0, 0, 0, 0, 0, 0, 0, 0, 
0, 12, 0, 0, 0, 0, 0, 0, 0, 0, 0, 0, 0, 0, 0, 0, 12, 0, 0, 0, 0, 0, 0, 12, 0, 0, 0, 0, 0, 0, 12, 0, 0, 0, 0, 0, 0, 0, 9, 0, 0, 11, 0, 0, 0, 10, 0, 0, 9, 0, 0, 0, 0, 0, 0, 0, 12, 0, 0, 0, 0, 0, 12, 0, 0, 0, 9, 0, 0, 0, 0, 0, 0, 10, 0, 0, 12, 0, 0, 0, 10, 0, 0, 0, 0, 11, 0, 0, 0, 10, 0, 0, 0, 0, 0, 0, 0, 0, 0, 0, 0, 0, 0, 0, 0, 0, 12, 0, 0, 0, 0, 0, 0, 0, 0, 0, 0, 0, 0, 10, 0, 0, 0, 12, 0, 0, 0, 0, 
0, 0, 0, 0, 0, 0, 0, 0, 0, 0, 0, 0, 0, 0, 0, 0, 0, 0, 0, 0, 0, 0, 0, 0, 0, 0, 0, 0, 0, 0, 0, 0, 0, 0, 0, 0, 0, 0, 0, 0, 0, 0, 0, 0, 0, 0, 0, 0, 0, 0, 0, 0, 0, 0, 0, 0, 0, 0, 0, 0, 0, 0, 0, 0, 0, 0, 0, 0, 0, 0, 0, 0, 0, 0, 0, 0, 0, 0, 0, 0, 0, 0, 0, 0, 0, 0, 0, 0, 0, 0, 0, 0, 0, 0, 0, 0, 0, 0, 0, 0, 0, 0, 0, 0, 0, 0, 0, 0, 0, 0, 0, 0, 0, 0, 0, 0, 0, 0, 0, 0, 0, 0, 0, 0, 0, 0, 0, 0, 
0, 2, 2, 0, 0, 0, 0, 0, 0, 0, 0, 0, 0, 0, 0, 0, 2, 2, 0, 0, 0, 0, 2, 2, 0, 0, 0, 0, 0, 0, 0, 2, 0, 0, 0, 0, 0, 0, 0, 2, 0, 0, 2, 0, 0, 0, 2, 0, 2, 0, 0, 0, 0, 0, 0, 0, 2, 2, 0, 0, 0, 0, 2, 0, 0, 0, 2, 2, 0, 0, 0, 0, 0, 2, 2, 0, 2, 2, 0, 0, 2, 2, 0, 0, 0, 2, 2, 0, 0, 2, 2, 0, 0, 0, 0, 0, 0, 0, 0, 0, 0, 0, 0, 0, 0, 0, 2, 2, 0, 0, 0, 0, 0, 0, 0, 0, 0, 0, 0, 2, 0, 0, 0, 2, 0, 0, 0, 0, 
0, 2, 2, 0, 0, 0, 0, 0, 0, 0, 0, 0, 0, 0, 0, 0, 2, 2, 0, 0, 0, 0, 0, 2, 0, 0, 0, 0, 0, 0, 2, 2, 0, 0, 0, 0, 0, 0, 2, 2, 0, 2, 2, 0, 0, 2, 2, 0, 2, 2, 0, 0, 0, 0, 0, 0, 0, 2, 0, 0, 0, 0, 2, 0, 0, 0, 0, 2, 0, 0, 0, 0, 0, 0, 2, 0, 0, 2, 0, 0, 0, 2, 0, 0, 0, 0, 2, 0, 0, 2, 0, 0, 0, 0, 0, 0, 0, 0, 0, 0, 0, 0, 0, 0, 0, 0, 2, 0, 0, 0, 0, 0, 0, 0, 0, 0, 0, 0, 0, 2, 0, 0, 0, 2, 0, 0, 0, 0, 
0, 2, 2, 0, 0, 0, 0, 0, 0, 0, 0, 0, 0, 0, 0, 0, 0, 2, 0, 0, 0, 0, 0, 2, 0, 0, 0, 0, 0, 0, 0, 2, 0, 0, 0, 0, 0, 0, 0, 2, 0, 0, 2, 0, 0, 0, 2, 0, 0, 2, 0, 0, 0, 0, 0, 0, 2, 0, 0, 0, 0, 0, 2, 2, 0, 0, 2, 0, 0, 0, 0, 0, 0, 0, 2, 0, 0, 2, 0, 0, 2, 0, 0, 0, 0, 2, 0, 0, 0, 0, 2, 0, 0, 0, 0, 0, 0, 0, 0, 0, 0, 0, 0, 0, 0, 0, 0, 2, 0, 0, 0, 0, 0, 0, 0, 0, 0, 0, 0, 2, 2, 0, 0, 2, 2, 0, 0, 0, 
